Period,Borough/Census Area FIPS,Age,In_Total,In_Male,In_Female,Out_Total,Out_Male,Out_Female,Data from: https://live.laborstats.alaska.gov/pop/migration/PFDMigrationByAgeBySexBCA.xls via https://live.laborstats.alaska.gov/pop/migration.html February 2023.
2015 to 2020,000,Total,37873,20812,17061,45525,24973,20552,
2015 to 2020,000,0-4,3090,1573,1517,3467,1796,1671,
2015 to 2020,000,5-9,2648,1357,1291,2923,1494,1429,
2015 to 2020,000,10-14,2136,1089,1047,2509,1280,1229,
2015 to 2020,000,15-19,2108,1116,992,2888,1500,1388,
2015 to 2020,000,20-24,4299,2382,1917,4985,2746,2239,
2015 to 2020,000,25-29,5166,2852,2314,5182,2940,2242,
2015 to 2020,000,30-34,4303,2453,1850,4585,2629,1956,
2015 to 2020,000,35-39,3232,1885,1347,3709,2150,1559,
2015 to 2020,000,40-44,2222,1304,918,2659,1554,1105,
2015 to 2020,000,45-49,1953,1140,813,2312,1334,978,
2015 to 2020,000,50-54,1822,1040,782,2275,1295,980,
2015 to 2020,000,55-59,1631,920,711,2295,1239,1056,
2015 to 2020,000,60-64,1251,688,563,2167,1169,998,
2015 to 2020,000,65-69,836,456,380,1558,840,718,
2015 to 2020,000,70-74,506,261,245,911,480,431,
2015 to 2020,000,75-79,311,152,159,498,253,245,
2015 to 2020,000,80-84,182,79,103,287,140,147,
2015 to 2020,000,85-89,109,43,66,172,73,99,
2015 to 2020,000,90+,68,22,46,143,61,82,
2015 to 2020,013,Total,143,85,58,179,112,67,
2015 to 2020,013,0-4,4,1,3,5,3,2,
2015 to 2020,013,5-9,6,2,4,6,3,3,
2015 to 2020,013,10-14,6,3,3,6,4,2,
2015 to 2020,013,15-19,7,4,3,8,4,4,
2015 to 2020,013,20-24,12,6,6,15,8,7,
2015 to 2020,013,25-29,14,8,6,17,10,7,
2015 to 2020,013,30-34,13,8,5,16,10,6,
2015 to 2020,013,35-39,15,9,6,17,11,6,
2015 to 2020,013,40-44,12,7,5,13,8,5,
2015 to 2020,013,45-49,14,10,4,14,10,4,
2015 to 2020,013,50-54,15,9,6,20,13,7,
2015 to 2020,013,55-59,11,8,3,13,9,4,
2015 to 2020,013,60-64,8,5,3,12,8,4,
2015 to 2020,013,65-69,4,3,1,8,5,3,
2015 to 2020,013,70-74,1,1,0,4,3,1,
2015 to 2020,013,75-79,1,1,0,2,1,1,
2015 to 2020,013,80-84,0,0,0,2,1,1,
2015 to 2020,013,85-89,0,0,0,1,1,0,
2015 to 2020,013,90+,0,0,0,0,0,0,
2015 to 2020,016,Total,334,192,142,351,202,149,
2015 to 2020,016,0-4,20,9,11,22,8,14,
2015 to 2020,016,5-9,22,10,12,16,9,7,
2015 to 2020,016,10-14,13,7,6,12,6,6,
2015 to 2020,016,15-19,14,8,6,19,10,9,
2015 to 2020,016,20-24,28,16,12,26,14,12,
2015 to 2020,016,25-29,42,23,19,30,17,13,
2015 to 2020,016,30-34,33,19,14,30,16,14,
2015 to 2020,016,35-39,27,16,11,30,18,12,
2015 to 2020,016,40-44,28,19,9,25,16,9,
2015 to 2020,016,45-49,25,15,10,20,14,6,
2015 to 2020,016,50-54,29,18,11,30,21,9,
2015 to 2020,016,55-59,26,15,11,29,17,12,
2015 to 2020,016,60-64,14,8,6,26,16,10,
2015 to 2020,016,65-69,9,6,3,21,11,10,
2015 to 2020,016,70-74,3,2,1,9,6,3,
2015 to 2020,016,75-79,0,0,0,4,2,2,
2015 to 2020,016,80-84,0,0,0,0,0,0,
2015 to 2020,016,85-89,1,1,0,2,1,1,
2015 to 2020,016,90+,0,0,0,0,0,0,
2015 to 2020,020,Total,20874,10961,9913,25267,13349,11918,
2015 to 2020,020,0-4,1905,947,958,2195,1140,1055,
2015 to 2020,020,5-9,1485,755,730,1750,897,853,
2015 to 2020,020,10-14,1207,620,587,1434,733,701,
2015 to 2020,020,15-19,1183,592,591,1541,795,746,
2015 to 2020,020,20-24,2420,1249,1171,2719,1408,1311,
2015 to 2020,020,25-29,2955,1568,1387,3090,1663,1427,
2015 to 2020,020,30-34,2446,1315,1131,2702,1463,1239,
2015 to 2020,020,35-39,1747,975,772,2084,1157,927,
2015 to 2020,020,40-44,1155,643,512,1424,799,625,
2015 to 2020,020,45-49,1004,561,443,1220,676,544,
2015 to 2020,020,50-54,897,492,405,1186,640,546,
2015 to 2020,020,55-59,814,439,375,1161,596,565,
2015 to 2020,020,60-64,615,322,293,1089,564,525,
2015 to 2020,020,65-69,414,209,205,743,391,352,
2015 to 2020,020,70-74,252,122,130,415,208,207,
2015 to 2020,020,75-79,161,71,90,221,103,118,
2015 to 2020,020,80-84,108,43,65,138,54,84,
2015 to 2020,020,85-89,62,24,38,89,35,54,
2015 to 2020,020,90+,44,14,30,66,27,39,
2015 to 2020,050,Total,1061,590,471,1424,768,656,
2015 to 2020,050,0-4,127,63,64,133,66,67,
2015 to 2020,050,5-9,85,42,43,117,57,60,
2015 to 2020,050,10-14,60,30,30,91,46,45,
2015 to 2020,050,15-19,68,34,34,116,59,57,
2015 to 2020,050,20-24,122,64,58,170,92,78,
2015 to 2020,050,25-29,132,77,55,159,85,74,
2015 to 2020,050,30-34,102,62,40,135,81,54,
2015 to 2020,050,35-39,78,52,26,101,60,41,
2015 to 2020,050,40-44,49,30,19,68,40,28,
2015 to 2020,050,45-49,50,31,19,60,38,22,
2015 to 2020,050,50-54,51,30,21,64,35,29,
2015 to 2020,050,55-59,52,28,24,70,37,33,
2015 to 2020,050,60-64,37,22,15,62,33,29,
2015 to 2020,050,65-69,20,13,7,33,18,15,
2015 to 2020,050,70-74,11,5,6,17,8,9,
2015 to 2020,050,75-79,9,3,6,11,5,6,
2015 to 2020,050,80-84,4,2,2,7,3,4,
2015 to 2020,050,85-89,2,1,1,8,4,4,
2015 to 2020,050,90+,2,1,1,2,1,1,
2015 to 2020,060,Total,107,60,47,111,62,49,
2015 to 2020,060,0-4,10,6,4,8,4,4,
2015 to 2020,060,5-9,8,4,4,5,3,2,
2015 to 2020,060,10-14,5,3,2,4,3,1,
2015 to 2020,060,15-19,8,4,4,8,4,4,
2015 to 2020,060,20-24,8,4,4,10,6,4,
2015 to 2020,060,25-29,12,6,6,10,6,4,
2015 to 2020,060,30-34,12,7,5,14,7,7,
2015 to 2020,060,35-39,7,4,3,8,4,4,
2015 to 2020,060,40-44,8,4,4,8,5,3,
2015 to 2020,060,45-49,8,5,3,8,4,4,
2015 to 2020,060,50-54,5,4,1,7,5,2,
2015 to 2020,060,55-59,6,3,3,7,4,3,
2015 to 2020,060,60-64,5,3,2,5,3,2,
2015 to 2020,060,65-69,3,2,1,5,3,2,
2015 to 2020,060,70-74,2,1,1,1,0,1,
2015 to 2020,060,75-79,0,0,0,1,1,0,
2015 to 2020,060,80-84,0,0,0,1,0,1,
2015 to 2020,060,85-89,0,0,0,0,0,0,
2015 to 2020,060,90+,0,0,0,1,0,1,
2015 to 2020,063,Total,546,298,248,604,322,282,
2015 to 2020,063,0-4,43,25,18,36,22,14,
2015 to 2020,063,5-9,40,22,18,35,16,19,
2015 to 2020,063,10-14,35,20,15,34,17,17,
2015 to 2020,063,15-19,32,15,17,42,21,21,
2015 to 2020,063,20-24,50,29,21,72,38,34,
2015 to 2020,063,25-29,69,36,33,59,34,25,
2015 to 2020,063,30-34,68,37,31,58,31,27,
2015 to 2020,063,35-39,49,28,21,42,24,18,
2015 to 2020,063,40-44,35,20,15,36,18,18,
2015 to 2020,063,45-49,30,18,12,33,19,14,
2015 to 2020,063,50-54,23,11,12,36,18,18,
2015 to 2020,063,55-59,27,14,13,37,19,18,
2015 to 2020,063,60-64,17,9,8,37,21,16,
2015 to 2020,063,65-69,11,6,5,22,12,10,
2015 to 2020,063,70-74,7,4,3,11,5,6,
2015 to 2020,063,75-79,6,3,3,8,4,4,
2015 to 2020,063,80-84,1,0,1,2,1,1,
2015 to 2020,063,85-89,2,1,1,3,1,2,
2015 to 2020,063,90+,1,0,1,1,1,0,
2015 to 2020,066,Total,295,165,130,305,165,140,
2015 to 2020,066,0-4,29,16,13,24,12,12,
2015 to 2020,066,5-9,23,14,9,20,10,10,
2015 to 2020,066,10-14,20,11,9,17,10,7,
2015 to 2020,066,15-19,15,8,7,23,10,13,
2015 to 2020,066,20-24,18,9,9,32,16,16,
2015 to 2020,066,25-29,25,12,13,21,10,11,
2015 to 2020,066,30-34,25,12,13,25,14,11,
2015 to 2020,066,35-39,29,16,13,23,13,10,
2015 to 2020,066,40-44,19,11,8,14,8,6,
2015 to 2020,066,45-49,20,14,6,14,8,6,
2015 to 2020,066,50-54,19,10,9,18,11,7,
2015 to 2020,066,55-59,19,11,8,22,12,10,
2015 to 2020,066,60-64,14,8,6,17,10,7,
2015 to 2020,066,65-69,8,6,2,13,8,5,
2015 to 2020,066,70-74,7,4,3,8,6,2,
2015 to 2020,066,75-79,3,2,1,7,3,4,
2015 to 2020,066,80-84,2,1,1,4,3,1,
2015 to 2020,066,85-89,0,0,0,2,1,1,
2015 to 2020,066,90+,0,0,0,1,0,1,
2015 to 2020,068,Total,176,96,80,176,98,78,
2015 to 2020,068,0-4,11,6,5,11,7,4,
2015 to 2020,068,5-9,12,6,6,8,4,4,
2015 to 2020,068,10-14,7,3,4,7,4,3,
2015 to 2020,068,15-19,9,4,5,10,5,5,
2015 to 2020,068,20-24,12,6,6,14,7,7,
2015 to 2020,068,25-29,21,11,10,17,9,8,
2015 to 2020,068,30-34,21,11,10,15,7,8,
2015 to 2020,068,35-39,20,12,8,17,10,7,
2015 to 2020,068,40-44,13,7,6,11,7,4,
2015 to 2020,068,45-49,11,5,6,12,5,7,
2015 to 2020,068,50-54,10,6,4,10,6,4,
2015 to 2020,068,55-59,11,7,4,13,9,4,
2015 to 2020,068,60-64,9,6,3,11,7,4,
2015 to 2020,068,65-69,5,4,1,9,5,4,
2015 to 2020,068,70-74,2,1,1,6,3,3,
2015 to 2020,068,75-79,2,1,1,5,3,2,
2015 to 2020,068,80-84,0,0,0,0,0,0,
2015 to 2020,068,85-89,0,0,0,0,0,0,
2015 to 2020,068,90+,0,0,0,0,0,0,
2015 to 2020,070,Total,340,186,154,448,233,215,
2015 to 2020,070,0-4,37,20,17,39,16,23,
2015 to 2020,070,5-9,26,12,14,36,16,20,
2015 to 2020,070,10-14,21,11,10,27,12,15,
2015 to 2020,070,15-19,19,8,11,31,13,18,
2015 to 2020,070,20-24,38,20,18,53,28,25,
2015 to 2020,070,25-29,47,26,21,53,31,22,
2015 to 2020,070,30-34,32,20,12,41,24,17,
2015 to 2020,070,35-39,26,16,10,29,16,13,
2015 to 2020,070,40-44,18,9,9,26,14,12,
2015 to 2020,070,45-49,18,10,8,20,11,9,
2015 to 2020,070,50-54,16,10,6,20,11,9,
2015 to 2020,070,55-59,15,9,6,22,13,9,
2015 to 2020,070,60-64,11,6,5,20,11,9,
2015 to 2020,070,65-69,7,4,3,13,7,6,
2015 to 2020,070,70-74,3,2,1,6,4,2,
2015 to 2020,070,75-79,4,2,2,4,2,2,
2015 to 2020,070,80-84,2,1,1,2,1,1,
2015 to 2020,070,85-89,0,0,0,4,2,2,
2015 to 2020,070,90+,0,0,0,2,1,1,
2015 to 2020,090,Total,6962,3718,3244,8361,4462,3899,
2015 to 2020,090,0-4,686,355,331,755,384,371,
2015 to 2020,090,5-9,564,289,275,635,337,298,
2015 to 2020,090,10-14,441,232,209,542,290,252,
2015 to 2020,090,15-19,400,200,200,520,273,247,
2015 to 2020,090,20-24,824,438,386,927,483,444,
2015 to 2020,090,25-29,975,514,461,1042,565,477,
2015 to 2020,090,30-34,801,431,370,876,474,402,
2015 to 2020,090,35-39,606,337,269,691,374,317,
2015 to 2020,090,40-44,397,228,169,487,277,210,
2015 to 2020,090,45-49,300,172,128,388,216,172,
2015 to 2020,090,50-54,252,140,112,350,189,161,
2015 to 2020,090,55-59,233,128,105,327,172,155,
2015 to 2020,090,60-64,179,95,84,321,166,155,
2015 to 2020,090,65-69,122,67,55,217,116,101,
2015 to 2020,090,70-74,79,43,36,130,70,60,
2015 to 2020,090,75-79,49,26,23,69,35,34,
2015 to 2020,090,80-84,24,11,13,38,21,17,
2015 to 2020,090,85-89,15,6,9,24,11,13,
2015 to 2020,090,90+,15,6,9,22,9,13,
2015 to 2020,100,Total,205,107,98,211,114,97,
2015 to 2020,100,0-4,18,9,9,14,7,7,
2015 to 2020,100,5-9,12,6,6,10,6,4,
2015 to 2020,100,10-14,10,6,4,9,4,5,
2015 to 2020,100,15-19,9,4,5,13,7,6,
2015 to 2020,100,20-24,14,6,8,18,9,9,
2015 to 2020,100,25-29,19,9,10,16,8,8,
2015 to 2020,100,30-34,22,11,11,18,9,9,
2015 to 2020,100,35-39,16,8,8,15,8,7,
2015 to 2020,100,40-44,13,7,6,11,8,3,
2015 to 2020,100,45-49,12,7,5,12,7,5,
2015 to 2020,100,50-54,13,7,6,13,8,5,
2015 to 2020,100,55-59,12,7,5,13,6,7,
2015 to 2020,100,60-64,14,8,6,14,7,7,
2015 to 2020,100,65-69,10,6,4,13,7,6,
2015 to 2020,100,70-74,5,4,1,9,5,4,
2015 to 2020,100,75-79,2,1,1,6,4,2,
2015 to 2020,100,80-84,1,0,1,3,2,1,
2015 to 2020,100,85-89,2,1,1,2,1,1,
2015 to 2020,100,90+,1,0,1,2,1,1,
2015 to 2020,105,Total,174,92,82,203,112,91,
2015 to 2020,105,0-4,12,6,6,12,5,7,
2015 to 2020,105,5-9,11,6,5,11,7,4,
2015 to 2020,105,10-14,10,4,6,11,5,6,
2015 to 2020,105,15-19,10,5,5,14,7,7,
2015 to 2020,105,20-24,13,7,6,18,10,8,
2015 to 2020,105,25-29,14,8,6,17,10,7,
2015 to 2020,105,30-34,16,9,7,16,9,7,
2015 to 2020,105,35-39,13,7,6,11,7,4,
2015 to 2020,105,40-44,9,4,5,12,7,5,
2015 to 2020,105,45-49,11,7,4,10,5,5,
2015 to 2020,105,50-54,9,6,3,15,9,6,
2015 to 2020,105,55-59,12,6,6,15,9,6,
2015 to 2020,105,60-64,12,6,6,14,8,6,
2015 to 2020,105,65-69,10,4,6,10,5,5,
2015 to 2020,105,70-74,6,4,2,8,5,3,
2015 to 2020,105,75-79,4,2,2,5,2,3,
2015 to 2020,105,80-84,2,1,1,3,1,2,
2015 to 2020,105,85-89,0,0,0,1,1,0,
2015 to 2020,105,90+,0,0,0,0,0,0,
2015 to 2020,110,Total,2261,1202,1059,2684,1424,1260,
2015 to 2020,110,0-4,160,83,77,166,91,75,
2015 to 2020,110,5-9,134,67,67,144,69,75,
2015 to 2020,110,10-14,114,55,59,121,58,63,
2015 to 2020,110,15-19,122,63,59,172,94,78,
2015 to 2020,110,20-24,221,112,109,287,142,145,
2015 to 2020,110,25-29,305,159,146,304,162,142,
2015 to 2020,110,30-34,268,143,125,273,142,131,
2015 to 2020,110,35-39,210,116,94,224,129,95,
2015 to 2020,110,40-44,152,91,61,157,90,67,
2015 to 2020,110,45-49,123,74,49,150,86,64,
2015 to 2020,110,50-54,123,68,55,150,85,65,
2015 to 2020,110,55-59,116,63,53,150,79,71,
2015 to 2020,110,60-64,80,43,37,143,79,64,
2015 to 2020,110,65-69,53,29,24,108,55,53,
2015 to 2020,110,70-74,36,18,18,61,32,29,
2015 to 2020,110,75-79,17,8,9,28,12,16,
2015 to 2020,110,80-84,13,5,8,18,7,11,
2015 to 2020,110,85-89,8,3,5,14,6,8,
2015 to 2020,110,90+,6,2,4,14,6,8,
2015 to 2020,122,Total,4365,2340,2025,4356,2348,2008,
2015 to 2020,122,0-4,338,173,165,305,155,150,
2015 to 2020,122,5-9,272,140,132,241,125,116,
2015 to 2020,122,10-14,246,127,119,226,119,107,
2015 to 2020,122,15-19,227,121,106,296,149,147,
2015 to 2020,122,20-24,378,201,177,530,281,249,
2015 to 2020,122,25-29,488,255,233,450,248,202,
2015 to 2020,122,30-34,434,239,195,375,216,159,
2015 to 2020,122,35-39,358,199,159,311,177,134,
2015 to 2020,122,40-44,276,159,117,262,147,115,
2015 to 2020,122,45-49,242,133,109,233,130,103,
2015 to 2020,122,50-54,243,137,106,223,128,95,
2015 to 2020,122,55-59,248,128,120,248,130,118,
2015 to 2020,122,60-64,234,125,109,226,117,109,
2015 to 2020,122,65-69,175,99,76,186,99,87,
2015 to 2020,122,70-74,97,53,44,110,60,50,
2015 to 2020,122,75-79,51,28,23,60,34,26,
2015 to 2020,122,80-84,26,12,14,33,15,18,
2015 to 2020,122,85-89,19,7,12,21,9,12,
2015 to 2020,122,90+,13,4,9,20,9,11,
2015 to 2020,130,Total,1037,561,476,1117,595,522,
2015 to 2020,130,0-4,74,43,31,71,31,40,
2015 to 2020,130,5-9,72,37,35,64,34,30,
2015 to 2020,130,10-14,63,32,31,57,29,28,
2015 to 2020,130,15-19,55,26,29,80,38,42,
2015 to 2020,130,20-24,87,47,40,122,66,56,
2015 to 2020,130,25-29,111,61,50,111,61,50,
2015 to 2020,130,30-34,115,60,55,99,57,42,
2015 to 2020,130,35-39,98,57,41,80,47,33,
2015 to 2020,130,40-44,71,41,30,66,37,29,
2015 to 2020,130,45-49,60,31,29,60,31,29,
2015 to 2020,130,50-54,55,31,24,66,37,29,
2015 to 2020,130,55-59,55,31,24,68,36,32,
2015 to 2020,130,60-64,45,25,20,63,34,29,
2015 to 2020,130,65-69,30,16,14,47,25,22,
2015 to 2020,130,70-74,17,10,7,27,15,12,
2015 to 2020,130,75-79,13,6,7,15,9,6,
2015 to 2020,130,80-84,9,5,4,13,6,7,
2015 to 2020,130,85-89,4,1,3,4,1,3,
2015 to 2020,130,90+,3,1,2,4,1,3,
2015 to 2020,150,Total,1039,563,476,1384,748,636,
2015 to 2020,150,0-4,104,55,49,112,58,54,
2015 to 2020,150,5-9,95,51,44,108,55,53,
2015 to 2020,150,10-14,72,39,33,89,49,40,
2015 to 2020,150,15-19,57,30,27,101,51,50,
2015 to 2020,150,20-24,86,43,43,143,74,69,
2015 to 2020,150,25-29,116,61,55,132,73,59,
2015 to 2020,150,30-34,118,65,53,131,70,61,
2015 to 2020,150,35-39,104,57,47,119,65,54,
2015 to 2020,150,40-44,68,39,29,86,49,37,
2015 to 2020,150,45-49,53,31,22,72,40,32,
2015 to 2020,150,50-54,50,30,20,65,40,25,
2015 to 2020,150,55-59,39,21,18,71,40,31,
2015 to 2020,150,60-64,31,18,13,66,37,29,
2015 to 2020,150,65-69,18,9,9,37,20,17,
2015 to 2020,150,70-74,13,7,6,24,13,11,
2015 to 2020,150,75-79,6,3,3,14,8,6,
2015 to 2020,150,80-84,4,2,2,11,6,5,
2015 to 2020,150,85-89,3,1,2,1,0,1,
2015 to 2020,150,90+,2,1,1,2,0,2,
2015 to 2020,158,Total,497,290,207,698,386,312,
2015 to 2020,158,0-4,78,42,36,85,39,46,
2015 to 2020,158,5-9,45,22,23,70,35,35,
2015 to 2020,158,10-14,38,20,18,57,31,26,
2015 to 2020,158,15-19,38,22,16,61,31,30,
2015 to 2020,158,20-24,58,33,25,91,50,41,
2015 to 2020,158,25-29,54,34,20,77,46,31,
2015 to 2020,158,30-34,42,29,13,63,38,25,
2015 to 2020,158,35-39,33,23,10,43,27,16,
2015 to 2020,158,40-44,25,15,10,31,21,10,
2015 to 2020,158,45-49,17,11,6,27,17,10,
2015 to 2020,158,50-54,20,13,7,25,14,11,
2015 to 2020,158,55-59,19,10,9,22,12,10,
2015 to 2020,158,60-64,11,6,5,16,9,7,
2015 to 2020,158,65-69,9,5,4,13,7,6,
2015 to 2020,158,70-74,4,3,1,7,5,2,
2015 to 2020,158,75-79,2,1,1,4,2,2,
2015 to 2020,158,80-84,3,1,2,3,1,2,
2015 to 2020,158,85-89,1,0,1,3,1,2,
2015 to 2020,158,90+,0,0,0,0,0,0,
2015 to 2020,164,Total,139,73,66,184,101,83,
2015 to 2020,164,0-4,12,5,7,18,10,8,
2015 to 2020,164,5-9,9,5,4,13,7,6,
2015 to 2020,164,10-14,9,4,5,10,6,4,
2015 to 2020,164,15-19,12,6,6,15,7,8,
2015 to 2020,164,20-24,14,6,8,21,12,9,
2015 to 2020,164,25-29,19,11,8,22,13,9,
2015 to 2020,164,30-34,13,8,5,19,10,9,
2015 to 2020,164,35-39,9,5,4,12,6,6,
2015 to 2020,164,40-44,7,4,3,10,5,5,
2015 to 2020,164,45-49,5,3,2,5,3,2,
2015 to 2020,164,50-54,9,4,5,6,3,3,
2015 to 2020,164,55-59,10,6,4,14,9,5,
2015 to 2020,164,60-64,4,2,2,7,4,3,
2015 to 2020,164,65-69,3,2,1,2,1,1,
2015 to 2020,164,70-74,3,1,2,5,3,2,
2015 to 2020,164,75-79,1,1,0,1,0,1,
2015 to 2020,164,80-84,0,0,0,2,1,1,
2015 to 2020,164,85-89,0,0,0,1,1,0,
2015 to 2020,164,90+,0,0,0,1,0,1,
2015 to 2020,170,Total,9096,4838,4258,8455,4546,3909,
2015 to 2020,170,0-4,913,489,424,714,385,329,
2015 to 2020,170,5-9,736,375,361,600,309,291,
2015 to 2020,170,10-14,628,329,299,521,268,253,
2015 to 2020,170,15-19,529,276,253,639,335,304,
2015 to 2020,170,20-24,814,418,396,1024,537,487,
2015 to 2020,170,25-29,1052,550,502,901,482,419,
2015 to 2020,170,30-34,958,525,433,801,448,353,
2015 to 2020,170,35-39,744,414,330,609,349,260,
2015 to 2020,170,40-44,525,296,229,461,259,202,
2015 to 2020,170,45-49,453,250,203,443,250,193,
2015 to 2020,170,50-54,425,231,194,403,231,172,
2015 to 2020,170,55-59,413,222,191,407,210,197,
2015 to 2020,170,60-64,340,180,160,345,186,159,
2015 to 2020,170,65-69,245,129,116,251,126,125,
2015 to 2020,170,70-74,133,69,64,149,79,70,
2015 to 2020,170,75-79,86,43,43,92,47,45,
2015 to 2020,170,80-84,50,21,29,46,24,22,
2015 to 2020,170,85-89,31,13,18,26,12,14,
2015 to 2020,170,90+,21,8,13,23,9,14,
2015 to 2020,180,Total,644,353,291,817,442,375,
2015 to 2020,180,0-4,65,35,30,78,41,37,
2015 to 2020,180,5-9,44,18,26,66,28,38,
2015 to 2020,180,10-14,36,18,18,53,24,29,
2015 to 2020,180,15-19,37,19,18,64,32,32,
2015 to 2020,180,20-24,71,36,35,85,45,40,
2015 to 2020,180,25-29,85,47,38,89,50,39,
2015 to 2020,180,30-34,70,41,29,82,45,37,
2015 to 2020,180,35-39,48,30,18,59,37,22,
2015 to 2020,180,40-44,38,24,14,41,23,18,
2015 to 2020,180,45-49,32,20,12,41,25,16,
2015 to 2020,180,50-54,36,21,15,37,23,14,
2015 to 2020,180,55-59,30,17,13,39,24,15,
2015 to 2020,180,60-64,20,10,10,30,15,15,
2015 to 2020,180,65-69,13,7,6,25,16,9,
2015 to 2020,180,70-74,10,6,4,13,7,6,
2015 to 2020,180,75-79,4,2,2,5,3,2,
2015 to 2020,180,80-84,3,1,2,5,2,3,
2015 to 2020,180,85-89,2,1,1,3,2,1,
2015 to 2020,180,90+,0,0,0,2,0,2,
2015 to 2020,185,Total,596,322,274,723,398,325,
2015 to 2020,185,0-4,64,32,32,59,29,30,
2015 to 2020,185,5-9,50,24,26,58,28,30,
2015 to 2020,185,10-14,47,22,25,48,25,23,
2015 to 2020,185,15-19,40,22,18,65,35,30,
2015 to 2020,185,20-24,57,32,25,65,36,29,
2015 to 2020,185,25-29,73,41,32,78,48,30,
2015 to 2020,185,30-34,56,33,23,69,41,28,
2015 to 2020,185,35-39,42,26,16,48,30,18,
2015 to 2020,185,40-44,26,13,13,32,19,13,
2015 to 2020,185,45-49,33,18,15,35,17,18,
2015 to 2020,185,50-54,35,20,15,43,24,19,
2015 to 2020,185,55-59,29,16,13,43,23,20,
2015 to 2020,185,60-64,20,11,9,38,21,17,
2015 to 2020,185,65-69,11,6,5,21,11,10,
2015 to 2020,185,70-74,6,3,3,12,8,4,
2015 to 2020,185,75-79,3,1,2,6,2,4,
2015 to 2020,185,80-84,2,1,1,2,1,1,
2015 to 2020,185,85-89,2,1,1,1,0,1,
2015 to 2020,185,90+,0,0,0,0,0,0,
2015 to 2020,188,Total,524,293,231,693,372,321,
2015 to 2020,188,0-4,60,33,27,71,34,37,
2015 to 2020,188,5-9,50,24,26,60,29,31,
2015 to 2020,188,10-14,33,18,15,49,26,23,
2015 to 2020,188,15-19,36,19,17,57,27,30,
2015 to 2020,188,20-24,55,29,26,79,39,40,
2015 to 2020,188,25-29,63,33,30,81,45,36,
2015 to 2020,188,30-34,48,30,18,66,40,26,
2015 to 2020,188,35-39,33,21,12,41,23,18,
2015 to 2020,188,40-44,30,18,12,33,21,12,
2015 to 2020,188,45-49,25,15,10,28,16,12,
2015 to 2020,188,50-54,26,16,10,33,19,14,
2015 to 2020,188,55-59,23,14,9,33,19,14,
2015 to 2020,188,60-64,18,11,7,25,15,10,
2015 to 2020,188,65-69,8,5,3,16,10,6,
2015 to 2020,188,70-74,5,3,2,10,5,5,
2015 to 2020,188,75-79,4,2,2,5,2,3,
2015 to 2020,188,80-84,3,1,2,2,1,1,
2015 to 2020,188,85-89,2,0,2,3,1,2,
2015 to 2020,188,90+,2,1,1,1,0,1,
2015 to 2020,195,Total,221,119,102,229,128,101,
2015 to 2020,195,0-4,22,12,10,17,11,6,
2015 to 2020,195,5-9,14,6,8,14,7,7,
2015 to 2020,195,10-14,12,6,6,9,5,4,
2015 to 2020,195,15-19,10,5,5,15,8,7,
2015 to 2020,195,20-24,18,9,9,32,17,15,
2015 to 2020,195,25-29,28,15,13,22,12,10,
2015 to 2020,195,30-34,24,15,9,21,12,9,
2015 to 2020,195,35-39,16,9,7,15,9,6,
2015 to 2020,195,40-44,11,6,5,12,8,4,
2015 to 2020,195,45-49,11,6,5,11,6,5,
2015 to 2020,195,50-54,11,6,5,11,6,5,
2015 to 2020,195,55-59,12,7,5,13,6,7,
2015 to 2020,195,60-64,9,5,4,14,7,7,
2015 to 2020,195,65-69,9,5,4,11,7,4,
2015 to 2020,195,70-74,4,2,2,5,3,2,
2015 to 2020,195,75-79,5,3,2,4,2,2,
2015 to 2020,195,80-84,2,1,1,2,1,1,
2015 to 2020,195,85-89,2,1,1,0,0,0,
2015 to 2020,195,90+,1,0,1,1,1,0,
2015 to 2020,198,Total,486,280,206,578,330,248,
2015 to 2020,198,0-4,49,26,23,38,23,15,
2015 to 2020,198,5-9,33,16,17,37,18,19,
2015 to 2020,198,10-14,28,15,13,36,19,17,
2015 to 2020,198,15-19,26,18,8,47,26,21,
2015 to 2020,198,20-24,38,20,18,60,33,27,
2015 to 2020,198,25-29,46,24,22,52,30,22,
2015 to 2020,198,30-34,48,26,22,41,24,17,
2015 to 2020,198,35-39,32,21,11,42,25,17,
2015 to 2020,198,40-44,27,17,10,31,19,12,
2015 to 2020,198,45-49,27,16,11,33,17,16,
2015 to 2020,198,50-54,29,19,10,29,17,12,
2015 to 2020,198,55-59,32,18,14,35,20,15,
2015 to 2020,198,60-64,29,17,12,30,17,13,
2015 to 2020,198,65-69,19,12,7,26,16,10,
2015 to 2020,198,70-74,10,7,3,17,10,7,
2015 to 2020,198,75-79,6,4,2,11,6,5,
2015 to 2020,198,80-84,5,3,2,9,7,2,
2015 to 2020,198,85-89,2,1,1,2,1,1,
2015 to 2020,198,90+,0,0,0,2,2,0,
2015 to 2020,220,Total,647,343,304,745,387,358,
2015 to 2020,220,0-4,44,28,16,45,20,25,
2015 to 2020,220,5-9,38,19,19,41,20,21,
2015 to 2020,220,10-14,32,16,16,38,19,19,
2015 to 2020,220,15-19,37,19,18,53,26,27,
2015 to 2020,220,20-24,54,26,28,74,37,37,
2015 to 2020,220,25-29,86,42,44,84,40,44,
2015 to 2020,220,30-34,79,42,37,72,39,33,
2015 to 2020,220,35-39,60,30,30,60,32,28,
2015 to 2020,220,40-44,44,26,18,46,26,20,
2015 to 2020,220,45-49,33,18,15,43,25,18,
2015 to 2020,220,50-54,32,19,13,38,23,15,
2015 to 2020,220,55-59,31,18,13,40,21,19,
2015 to 2020,220,60-64,25,13,12,43,23,20,
2015 to 2020,220,65-69,21,11,10,23,14,9,
2015 to 2020,220,70-74,10,6,4,18,9,9,
2015 to 2020,220,75-79,7,4,3,11,6,5,
2015 to 2020,220,80-84,7,3,4,7,4,3,
2015 to 2020,220,85-89,4,2,2,5,2,3,
2015 to 2020,220,90+,3,1,2,4,1,3,
2015 to 2020,230,Total,113,60,53,102,53,49,
2015 to 2020,230,0-4,10,6,4,7,3,4,
2015 to 2020,230,5-9,7,4,3,4,2,2,
2015 to 2020,230,10-14,6,4,2,4,2,2,
2015 to 2020,230,15-19,4,2,2,4,2,2,
2015 to 2020,230,20-24,8,4,4,7,3,4,
2015 to 2020,230,25-29,12,6,6,12,6,6,
2015 to 2020,230,30-34,17,9,8,12,7,5,
2015 to 2020,230,35-39,12,6,6,11,5,6,
2015 to 2020,230,40-44,9,5,4,7,4,3,
2015 to 2020,230,45-49,8,3,5,8,4,4,
2015 to 2020,230,50-54,5,3,2,5,2,3,
2015 to 2020,230,55-59,5,3,2,4,3,1,
2015 to 2020,230,60-64,4,2,2,7,3,4,
2015 to 2020,230,65-69,4,2,2,7,5,2,
2015 to 2020,230,70-74,2,1,1,2,1,1,
2015 to 2020,230,75-79,0,0,0,0,0,0,
2015 to 2020,230,80-84,0,0,0,1,1,0,
2015 to 2020,230,85-89,0,0,0,0,0,0,
2015 to 2020,230,90+,0,0,0,0,0,0,
2015 to 2020,240,Total,621,327,294,663,351,312,
2015 to 2020,240,0-4,68,34,34,57,29,28,
2015 to 2020,240,5-9,52,27,25,52,27,25,
2015 to 2020,240,10-14,42,22,20,45,22,23,
2015 to 2020,240,15-19,35,19,16,59,27,32,
2015 to 2020,240,20-24,54,24,30,77,37,40,
2015 to 2020,240,25-29,67,36,31,62,33,29,
2015 to 2020,240,30-34,52,28,24,50,27,23,
2015 to 2020,240,35-39,42,21,21,45,23,22,
2015 to 2020,240,40-44,40,22,18,40,22,18,
2015 to 2020,240,45-49,30,18,12,32,20,12,
2015 to 2020,240,50-54,32,18,14,30,17,13,
2015 to 2020,240,55-59,31,18,13,34,23,11,
2015 to 2020,240,60-64,25,14,11,28,13,15,
2015 to 2020,240,65-69,22,12,10,21,12,9,
2015 to 2020,240,70-74,12,7,5,13,8,5,
2015 to 2020,240,75-79,8,4,4,8,6,2,
2015 to 2020,240,80-84,5,2,3,6,3,3,
2015 to 2020,240,85-89,2,0,2,3,1,2,
2015 to 2020,240,90+,2,1,1,1,1,0,
2015 to 2020,275,Total,169,94,75,184,102,82,
2015 to 2020,275,0-4,13,7,6,10,6,4,
2015 to 2020,275,5-9,12,6,6,8,4,4,
2015 to 2020,275,10-14,11,6,5,8,4,4,
2015 to 2020,275,15-19,11,6,5,12,6,6,
2015 to 2020,275,20-24,12,6,6,24,14,10,
2015 to 2020,275,25-29,15,8,7,19,10,9,
2015 to 2020,275,30-34,13,8,5,16,10,6,
2015 to 2020,275,35-39,14,9,5,9,6,3,
2015 to 2020,275,40-44,11,5,6,10,6,4,
2015 to 2020,275,45-49,11,6,5,8,4,4,
2015 to 2020,275,50-54,9,5,4,11,6,5,
2015 to 2020,275,55-59,10,6,4,11,5,6,
2015 to 2020,275,60-64,9,6,3,10,7,3,
2015 to 2020,275,65-69,8,4,4,11,5,6,
2015 to 2020,275,70-74,5,3,2,6,3,3,
2015 to 2020,275,75-79,3,2,1,4,2,2,
2015 to 2020,275,80-84,2,1,1,4,2,2,
2015 to 2020,275,85-89,0,0,0,2,1,1,
2015 to 2020,275,90+,0,0,0,1,1,0,
2015 to 2020,282,Total,50,28,22,59,34,25,
2015 to 2020,282,0-4,5,3,2,4,2,2,
2015 to 2020,282,5-9,3,1,2,3,2,1,
2015 to 2020,282,10-14,3,2,1,4,3,1,
2015 to 2020,282,15-19,3,1,2,4,2,2,
2015 to 2020,282,20-24,5,3,2,7,4,3,
2015 to 2020,282,25-29,5,3,2,5,3,2,
2015 to 2020,282,30-34,6,3,3,5,3,2,
2015 to 2020,282,35-39,4,3,1,4,3,1,
2015 to 2020,282,40-44,3,2,1,4,2,2,
2015 to 2020,282,45-49,3,1,2,4,2,2,
2015 to 2020,282,50-54,2,1,1,4,2,2,
2015 to 2020,282,55-59,3,2,1,3,1,2,
2015 to 2020,282,60-64,4,2,2,4,3,1,
2015 to 2020,282,65-69,1,1,0,3,2,1,
2015 to 2020,282,70-74,0,0,0,0,0,0,
2015 to 2020,282,75-79,0,0,0,0,0,0,
2015 to 2020,282,80-84,0,0,0,1,0,1,
2015 to 2020,282,85-89,0,0,0,0,0,0,
2015 to 2020,282,90+,0,0,0,0,0,0,
2015 to 2020,290,Total,502,281,221,617,339,278,
2015 to 2020,290,0-4,48,23,25,53,28,25,
2015 to 2020,290,5-9,38,21,17,48,26,22,
2015 to 2020,290,10-14,33,18,15,41,19,22,
2015 to 2020,290,15-19,35,18,17,58,27,31,
2015 to 2020,290,20-24,42,22,20,57,31,26,
2015 to 2020,290,25-29,47,26,21,56,30,26,
2015 to 2020,290,30-34,47,27,20,53,31,22,
2015 to 2020,290,35-39,36,21,15,45,26,19,
2015 to 2020,290,40-44,31,20,11,34,21,13,
2015 to 2020,290,45-49,22,12,10,22,13,9,
2015 to 2020,290,50-54,27,16,11,30,17,13,
2015 to 2020,290,55-59,30,17,13,33,20,13,
2015 to 2020,290,60-64,25,17,8,27,16,11,
2015 to 2020,290,65-69,17,10,7,26,16,10,
2015 to 2020,290,70-74,10,6,4,15,7,8,
2015 to 2020,290,75-79,5,3,2,10,6,4,
2015 to 2020,290,80-84,5,3,2,5,3,2,
2015 to 2020,290,85-89,2,0,2,2,1,1,
2015 to 2020,290,90+,2,1,1,2,1,1,
2010 to 2015,000,Total,44125,24376,19749,46749,25664,21085,
2010 to 2015,000,0-4,4013,2063,1950,4130,2131,1999,
2010 to 2015,000,5-9,3155,1613,1542,3312,1671,1641,
2010 to 2015,000,10-14,2582,1321,1261,2685,1369,1316,
2010 to 2015,000,15-19,2615,1393,1222,2994,1568,1426,
2010 to 2015,000,20-24,5746,3202,2544,5574,3117,2457,
2010 to 2015,000,25-29,6315,3542,2773,5542,3163,2379,
2010 to 2015,000,30-34,4749,2714,2035,4607,2643,1964,
2010 to 2015,000,35-39,3340,1946,1394,3382,1963,1419,
2010 to 2015,000,40-44,2688,1575,1113,2836,1645,1191,
2010 to 2015,000,45-49,2387,1413,974,2491,1443,1048,
2010 to 2015,000,50-54,2160,1254,906,2477,1393,1084,
2010 to 2015,000,55-59,1707,960,747,2238,1200,1038,
2010 to 2015,000,60-64,1121,625,496,1928,1041,887,
2010 to 2015,000,65-69,624,338,286,1163,634,529,
2010 to 2015,000,70-74,379,193,186,646,341,305,
2010 to 2015,000,75-79,236,106,130,321,159,162,
2010 to 2015,000,80-84,157,63,94,206,81,125,
2010 to 2015,000,85-89,95,35,60,124,63,61,
2010 to 2015,000,90+,56,20,36,93,39,54,
2010 to 2015,013,Total,153,92,61,178,106,72,
2010 to 2015,013,0-4,10,5,5,9,3,6,
2010 to 2015,013,5-9,7,4,3,9,6,3,
2010 to 2015,013,10-14,6,4,2,10,6,4,
2010 to 2015,013,15-19,7,3,4,12,4,8,
2010 to 2015,013,20-24,11,7,4,13,9,4,
2010 to 2015,013,25-29,13,8,5,17,9,8,
2010 to 2015,013,30-34,16,10,6,17,11,6,
2010 to 2015,013,35-39,12,8,4,12,8,4,
2010 to 2015,013,40-44,13,8,5,14,9,5,
2010 to 2015,013,45-49,14,8,6,18,12,6,
2010 to 2015,013,50-54,17,11,6,15,10,5,
2010 to 2015,013,55-59,12,8,4,14,9,5,
2010 to 2015,013,60-64,7,4,3,7,4,3,
2010 to 2015,013,65-69,4,2,2,7,4,3,
2010 to 2015,013,70-74,2,1,1,2,1,1,
2010 to 2015,013,75-79,1,0,1,2,1,1,
2010 to 2015,013,80-84,1,1,0,0,0,0,
2010 to 2015,013,85-89,0,0,0,0,0,0,
2010 to 2015,013,90+,0,0,0,0,0,0,
2010 to 2015,016,Total,421,262,159,447,278,169,
2010 to 2015,016,0-4,26,14,12,26,13,13,
2010 to 2015,016,5-9,23,13,10,21,11,10,
2010 to 2015,016,10-14,16,8,8,20,11,9,
2010 to 2015,016,15-19,17,9,8,27,14,13,
2010 to 2015,016,20-24,35,19,16,33,18,15,
2010 to 2015,016,25-29,48,29,19,39,26,13,
2010 to 2015,016,30-34,41,25,16,36,20,16,
2010 to 2015,016,35-39,40,26,14,38,27,11,
2010 to 2015,016,40-44,38,27,11,37,26,11,
2010 to 2015,016,45-49,36,26,10,41,28,13,
2010 to 2015,016,50-54,36,23,13,43,29,14,
2010 to 2015,016,55-59,31,20,11,33,21,12,
2010 to 2015,016,60-64,21,14,7,29,19,10,
2010 to 2015,016,65-69,10,7,3,16,11,5,
2010 to 2015,016,70-74,3,2,1,5,3,2,
2010 to 2015,016,75-79,0,0,0,2,1,1,
2010 to 2015,016,80-84,0,0,0,0,0,0,
2010 to 2015,016,85-89,0,0,0,1,0,1,
2010 to 2015,016,90+,0,0,0,0,0,0,
2010 to 2015,020,Total,25694,13663,12031,27664,14746,12918,
2010 to 2015,020,0-4,2513,1320,1193,2652,1373,1279,
2010 to 2015,020,5-9,1923,980,943,2079,1060,1019,
2010 to 2015,020,10-14,1526,786,740,1669,863,806,
2010 to 2015,020,15-19,1493,743,750,1724,896,828,
2010 to 2015,020,20-24,3270,1699,1571,3225,1690,1535,
2010 to 2015,020,25-29,3783,2047,1736,3484,1893,1591,
2010 to 2015,020,30-34,2893,1583,1310,2852,1572,1280,
2010 to 2015,020,35-39,1904,1054,850,1981,1119,862,
2010 to 2015,020,40-44,1512,850,662,1658,933,725,
2010 to 2015,020,45-49,1276,710,566,1420,782,638,
2010 to 2015,020,50-54,1174,640,534,1386,740,646,
2010 to 2015,020,55-59,934,512,422,1222,646,576,
2010 to 2015,020,60-64,613,324,289,1010,530,480,
2010 to 2015,020,65-69,348,178,170,611,324,287,
2010 to 2015,020,70-74,207,104,103,319,160,159,
2010 to 2015,020,75-79,140,60,80,164,79,85,
2010 to 2015,020,80-84,92,37,55,100,42,58,
2010 to 2015,020,85-89,59,23,36,61,23,38,
2010 to 2015,020,90+,34,13,21,47,21,26,
2010 to 2015,050,Total,1213,668,545,1324,733,591,
2010 to 2015,050,0-4,150,76,74,143,76,67,
2010 to 2015,050,5-9,103,53,50,110,61,49,
2010 to 2015,050,10-14,76,41,35,82,44,38,
2010 to 2015,050,15-19,80,40,40,102,54,48,
2010 to 2015,050,20-24,142,73,69,172,93,79,
2010 to 2015,050,25-29,167,94,73,154,87,67,
2010 to 2015,050,30-34,115,68,47,121,70,51,
2010 to 2015,050,35-39,77,48,29,78,48,30,
2010 to 2015,050,40-44,61,38,23,64,40,24,
2010 to 2015,050,45-49,60,37,23,61,36,25,
2010 to 2015,050,50-54,62,35,27,69,41,28,
2010 to 2015,050,55-59,50,27,23,62,33,29,
2010 to 2015,050,60-64,31,18,13,42,22,20,
2010 to 2015,050,65-69,15,10,5,26,15,11,
2010 to 2015,050,70-74,8,3,5,15,7,8,
2010 to 2015,050,75-79,8,4,4,9,2,7,
2010 to 2015,050,80-84,5,2,3,8,3,5,
2010 to 2015,050,85-89,2,1,1,3,0,3,
2010 to 2015,050,90+,1,0,1,3,1,2,
2010 to 2015,060,Total,104,58,46,129,74,55,
2010 to 2015,060,0-4,5,2,3,8,4,4,
2010 to 2015,060,5-9,4,2,2,5,3,2,
2010 to 2015,060,10-14,5,2,3,4,2,2,
2010 to 2015,060,15-19,7,4,3,10,5,5,
2010 to 2015,060,20-24,10,5,5,11,6,5,
2010 to 2015,060,25-29,15,8,7,17,10,7,
2010 to 2015,060,30-34,9,5,4,10,7,3,
2010 to 2015,060,35-39,12,7,5,10,5,5,
2010 to 2015,060,40-44,7,4,3,8,6,2,
2010 to 2015,060,45-49,9,6,3,8,4,4,
2010 to 2015,060,50-54,8,4,4,11,6,5,
2010 to 2015,060,55-59,7,5,2,10,4,6,
2010 to 2015,060,60-64,4,3,1,8,6,2,
2010 to 2015,060,65-69,2,1,1,4,3,1,
2010 to 2015,060,70-74,0,0,0,2,1,1,
2010 to 2015,060,75-79,0,0,0,2,1,1,
2010 to 2015,060,80-84,0,0,0,1,1,0,
2010 to 2015,060,85-89,0,0,0,0,0,0,
2010 to 2015,060,90+,0,0,0,0,0,0,
2010 to 2015,063,Total,712,393,319,740,412,328,
2010 to 2015,063,0-4,70,32,38,56,31,25,
2010 to 2015,063,5-9,46,26,20,47,24,23,
2010 to 2015,063,10-14,41,23,18,40,23,17,
2010 to 2015,063,15-19,32,17,15,47,23,24,
2010 to 2015,063,20-24,78,45,33,89,48,41,
2010 to 2015,063,25-29,103,54,49,81,44,37,
2010 to 2015,063,30-34,76,42,34,65,39,26,
2010 to 2015,063,35-39,51,29,22,44,24,20,
2010 to 2015,063,40-44,41,24,17,41,24,17,
2010 to 2015,063,45-49,46,25,21,43,24,19,
2010 to 2015,063,50-54,47,29,18,60,36,24,
2010 to 2015,063,55-59,32,19,13,47,25,22,
2010 to 2015,063,60-64,21,14,7,34,21,13,
2010 to 2015,063,65-69,14,7,7,25,15,10,
2010 to 2015,063,70-74,6,4,2,12,8,4,
2010 to 2015,063,75-79,2,1,1,3,2,1,
2010 to 2015,063,80-84,2,1,1,2,1,1,
2010 to 2015,063,85-89,3,1,2,2,0,2,
2010 to 2015,063,90+,1,0,1,2,0,2,
2010 to 2015,066,Total,305,165,140,366,190,176,
2010 to 2015,066,0-4,28,18,10,24,11,13,
2010 to 2015,066,5-9,27,12,15,20,11,9,
2010 to 2015,066,10-14,18,9,9,21,10,11,
2010 to 2015,066,15-19,20,10,10,31,15,16,
2010 to 2015,066,20-24,24,10,14,43,21,22,
2010 to 2015,066,25-29,34,16,18,36,16,20,
2010 to 2015,066,30-34,30,19,11,29,18,11,
2010 to 2015,066,35-39,15,8,7,17,9,8,
2010 to 2015,066,40-44,16,10,6,21,12,9,
2010 to 2015,066,45-49,21,11,10,24,13,11,
2010 to 2015,066,50-54,25,14,11,23,11,12,
2010 to 2015,066,55-59,20,11,9,23,12,11,
2010 to 2015,066,60-64,15,9,6,21,13,8,
2010 to 2015,066,65-69,5,3,2,14,8,6,
2010 to 2015,066,70-74,5,4,1,9,4,5,
2010 to 2015,066,75-79,2,1,1,4,2,2,
2010 to 2015,066,80-84,0,0,0,4,3,1,
2010 to 2015,066,85-89,0,0,0,0,0,0,
2010 to 2015,066,90+,0,0,0,2,1,1,
2010 to 2015,068,Total,208,113,95,229,124,105,
2010 to 2015,068,0-4,17,9,8,16,7,9,
2010 to 2015,068,5-9,11,6,5,12,5,7,
2010 to 2015,068,10-14,11,5,6,12,6,6,
2010 to 2015,068,15-19,7,2,5,14,6,8,
2010 to 2015,068,20-24,18,10,8,21,12,9,
2010 to 2015,068,25-29,26,12,14,17,9,8,
2010 to 2015,068,30-34,27,15,12,21,12,9,
2010 to 2015,068,35-39,18,9,9,18,9,9,
2010 to 2015,068,40-44,13,8,5,16,9,7,
2010 to 2015,068,45-49,15,9,6,13,8,5,
2010 to 2015,068,50-54,17,10,7,18,11,7,
2010 to 2015,068,55-59,9,5,4,19,10,9,
2010 to 2015,068,60-64,10,8,2,17,10,7,
2010 to 2015,068,65-69,4,2,2,7,5,2,
2010 to 2015,068,70-74,3,2,1,5,3,2,
2010 to 2015,068,75-79,2,1,1,3,2,1,
2010 to 2015,068,80-84,0,0,0,0,0,0,
2010 to 2015,068,85-89,0,0,0,0,0,0,
2010 to 2015,068,90+,0,0,0,0,0,0,
2010 to 2015,070,Total,366,202,164,405,221,184,
2010 to 2015,070,0-4,41,20,21,42,22,20,
2010 to 2015,070,5-9,26,12,14,26,13,13,
2010 to 2015,070,10-14,18,8,10,22,9,13,
2010 to 2015,070,15-19,24,12,12,33,17,16,
2010 to 2015,070,20-24,47,27,20,54,27,27,
2010 to 2015,070,25-29,44,26,18,44,27,17,
2010 to 2015,070,30-34,36,19,17,37,20,17,
2010 to 2015,070,35-39,26,15,11,25,14,11,
2010 to 2015,070,40-44,19,12,7,16,11,5,
2010 to 2015,070,45-49,21,13,8,21,14,7,
2010 to 2015,070,50-54,24,14,10,24,12,12,
2010 to 2015,070,55-59,19,11,8,23,13,10,
2010 to 2015,070,60-64,13,7,6,20,10,10,
2010 to 2015,070,65-69,6,4,2,10,7,3,
2010 to 2015,070,70-74,1,1,0,5,3,2,
2010 to 2015,070,75-79,1,1,0,1,0,1,
2010 to 2015,070,80-84,0,0,0,0,0,0,
2010 to 2015,070,85-89,0,0,0,1,1,0,
2010 to 2015,070,90+,0,0,0,1,1,0,
2010 to 2015,090,Total,8467,4534,3933,9571,5108,4463,
2010 to 2015,090,0-4,933,481,452,1067,570,497,
2010 to 2015,090,5-9,703,357,346,818,415,403,
2010 to 2015,090,10-14,547,290,257,624,315,309,
2010 to 2015,090,15-19,498,260,238,601,317,284,
2010 to 2015,090,20-24,1103,584,519,1093,564,529,
2010 to 2015,090,25-29,1257,674,583,1263,687,576,
2010 to 2015,090,30-34,956,518,438,1018,559,459,
2010 to 2015,090,35-39,647,360,287,753,410,343,
2010 to 2015,090,40-44,472,273,199,544,309,235,
2010 to 2015,090,45-49,374,209,165,415,230,185,
2010 to 2015,090,50-54,325,184,141,393,212,181,
2010 to 2015,090,55-59,254,139,115,341,180,161,
2010 to 2015,090,60-64,177,98,79,290,160,130,
2010 to 2015,090,65-69,89,47,42,157,83,74,
2010 to 2015,090,70-74,49,25,24,86,50,36,
2010 to 2015,090,75-79,30,13,17,45,21,24,
2010 to 2015,090,80-84,26,11,15,31,11,20,
2010 to 2015,090,85-89,15,7,8,21,12,9,
2010 to 2015,090,90+,12,4,8,11,3,8,
2010 to 2015,100,Total,202,108,94,208,111,97,
2010 to 2015,100,0-4,14,7,7,13,8,5,
2010 to 2015,100,5-9,10,5,5,9,4,5,
2010 to 2015,100,10-14,12,6,6,12,6,6,
2010 to 2015,100,15-19,8,6,2,13,6,7,
2010 to 2015,100,20-24,15,7,8,22,11,11,
2010 to 2015,100,25-29,20,10,10,16,8,8,
2010 to 2015,100,30-34,19,10,9,13,6,7,
2010 to 2015,100,35-39,15,9,6,16,9,7,
2010 to 2015,100,40-44,14,8,6,16,9,7,
2010 to 2015,100,45-49,18,11,7,15,10,5,
2010 to 2015,100,50-54,14,8,6,13,8,5,
2010 to 2015,100,55-59,12,6,6,16,9,7,
2010 to 2015,100,60-64,12,5,7,13,7,6,
2010 to 2015,100,65-69,10,6,4,9,4,5,
2010 to 2015,100,70-74,3,2,1,6,3,3,
2010 to 2015,100,75-79,2,1,1,3,2,1,
2010 to 2015,100,80-84,1,0,1,1,0,1,
2010 to 2015,100,85-89,1,0,1,0,0,0,
2010 to 2015,100,90+,2,1,1,2,1,1,
2010 to 2015,105,Total,211,118,93,213,125,88,
2010 to 2015,105,0-4,20,9,11,16,11,5,
2010 to 2015,105,5-9,11,6,5,11,5,6,
2010 to 2015,105,10-14,14,8,6,11,6,5,
2010 to 2015,105,15-19,11,7,4,15,10,5,
2010 to 2015,105,20-24,16,9,7,25,13,12,
2010 to 2015,105,25-29,22,11,11,21,12,9,
2010 to 2015,105,30-34,13,8,5,16,9,7,
2010 to 2015,105,35-39,14,7,7,8,5,3,
2010 to 2015,105,40-44,13,9,4,13,7,6,
2010 to 2015,105,45-49,13,7,6,11,7,4,
2010 to 2015,105,50-54,16,9,7,14,10,4,
2010 to 2015,105,55-59,20,11,9,16,8,8,
2010 to 2015,105,60-64,13,7,6,12,7,5,
2010 to 2015,105,65-69,8,5,3,10,7,3,
2010 to 2015,105,70-74,3,2,1,6,3,3,
2010 to 2015,105,75-79,3,2,1,3,2,1,
2010 to 2015,105,80-84,1,1,0,2,2,0,
2010 to 2015,105,85-89,0,0,0,1,0,1,
2010 to 2015,105,90+,0,0,0,2,1,1,
2010 to 2015,110,Total,2768,1474,1294,2659,1411,1248,
2010 to 2015,110,0-4,210,103,107,174,77,97,
2010 to 2015,110,5-9,159,78,81,149,73,76,
2010 to 2015,110,10-14,133,67,66,127,67,60,
2010 to 2015,110,15-19,176,88,88,178,91,87,
2010 to 2015,110,20-24,328,164,164,343,181,162,
2010 to 2015,110,25-29,413,216,197,307,163,144,
2010 to 2015,110,30-34,306,171,135,246,137,109,
2010 to 2015,110,35-39,221,124,97,185,105,80,
2010 to 2015,110,40-44,184,109,75,174,103,71,
2010 to 2015,110,45-49,172,100,72,154,91,63,
2010 to 2015,110,50-54,155,87,68,161,87,74,
2010 to 2015,110,55-59,130,73,57,166,84,82,
2010 to 2015,110,60-64,82,46,36,131,70,61,
2010 to 2015,110,65-69,42,24,18,82,43,39,
2010 to 2015,110,70-74,19,9,10,37,18,19,
2010 to 2015,110,75-79,15,7,8,19,12,7,
2010 to 2015,110,80-84,10,3,7,11,3,8,
2010 to 2015,110,85-89,8,3,5,9,4,5,
2010 to 2015,110,90+,5,2,3,6,2,4,
2010 to 2015,122,Total,4689,2532,2157,4609,2477,2132,
2010 to 2015,122,0-4,404,207,197,348,173,175,
2010 to 2015,122,5-9,328,166,162,273,138,135,
2010 to 2015,122,10-14,255,132,123,223,117,106,
2010 to 2015,122,15-19,256,128,128,318,160,158,
2010 to 2015,122,20-24,497,264,233,627,330,297,
2010 to 2015,122,25-29,556,308,248,512,290,222,
2010 to 2015,122,30-34,463,258,205,371,209,162,
2010 to 2015,122,35-39,337,191,146,295,166,129,
2010 to 2015,122,40-44,282,164,118,251,143,108,
2010 to 2015,122,45-49,279,165,114,275,157,118,
2010 to 2015,122,50-54,288,157,131,280,152,128,
2010 to 2015,122,55-59,261,139,122,264,139,125,
2010 to 2015,122,60-64,207,113,94,229,122,107,
2010 to 2015,122,65-69,128,73,55,143,79,64,
2010 to 2015,122,70-74,63,31,32,91,49,42,
2010 to 2015,122,75-79,34,17,17,46,23,23,
2010 to 2015,122,80-84,26,10,16,31,14,17,
2010 to 2015,122,85-89,15,6,9,22,12,10,
2010 to 2015,122,90+,10,3,7,10,4,6,
2010 to 2015,130,Total,1170,633,537,1191,639,552,
2010 to 2015,130,0-4,98,52,46,96,49,47,
2010 to 2015,130,5-9,76,38,38,76,37,39,
2010 to 2015,130,10-14,68,35,33,63,33,30,
2010 to 2015,130,15-19,75,38,37,85,41,44,
2010 to 2015,130,20-24,117,60,57,141,76,65,
2010 to 2015,130,25-29,143,78,65,124,65,59,
2010 to 2015,130,30-34,107,61,46,110,65,45,
2010 to 2015,130,35-39,94,49,45,86,48,38,
2010 to 2015,130,40-44,79,48,31,69,41,28,
2010 to 2015,130,45-49,73,43,30,72,41,31,
2010 to 2015,130,50-54,72,45,27,75,44,31,
2010 to 2015,130,55-59,62,32,30,63,33,30,
2010 to 2015,130,60-64,46,24,22,53,28,25,
2010 to 2015,130,65-69,25,12,13,38,20,18,
2010 to 2015,130,70-74,17,9,8,18,9,9,
2010 to 2015,130,75-79,8,4,4,9,4,5,
2010 to 2015,130,80-84,4,2,2,4,1,3,
2010 to 2015,130,85-89,3,2,1,5,2,3,
2010 to 2015,130,90+,3,1,2,4,2,2,
2010 to 2015,150,Total,1312,716,596,1455,795,660,
2010 to 2015,150,0-4,145,78,67,152,86,66,
2010 to 2015,150,5-9,115,61,54,122,62,60,
2010 to 2015,150,10-14,87,45,42,99,57,42,
2010 to 2015,150,15-19,76,41,35,109,56,53,
2010 to 2015,150,20-24,127,67,60,159,87,72,
2010 to 2015,150,25-29,157,78,79,141,72,69,
2010 to 2015,150,30-34,144,78,66,145,77,68,
2010 to 2015,150,35-39,109,60,49,106,59,47,
2010 to 2015,150,40-44,87,50,37,94,53,41,
2010 to 2015,150,45-49,67,42,25,80,47,33,
2010 to 2015,150,50-54,67,38,29,68,41,27,
2010 to 2015,150,55-59,57,35,22,62,33,29,
2010 to 2015,150,60-64,31,18,13,52,30,22,
2010 to 2015,150,65-69,22,13,9,31,17,14,
2010 to 2015,150,70-74,10,6,4,17,10,7,
2010 to 2015,150,75-79,5,3,2,8,4,4,
2010 to 2015,150,80-84,2,1,1,4,2,2,
2010 to 2015,150,85-89,2,1,1,3,1,2,
2010 to 2015,150,90+,2,1,1,3,1,2,
2010 to 2015,158,Total,589,324,265,625,350,275,
2010 to 2015,158,0-4,97,46,51,80,45,35,
2010 to 2015,158,5-9,57,32,25,57,30,27,
2010 to 2015,158,10-14,44,22,22,48,27,21,
2010 to 2015,158,15-19,46,23,23,59,29,30,
2010 to 2015,158,20-24,73,38,35,93,50,43,
2010 to 2015,158,25-29,72,40,32,71,39,32,
2010 to 2015,158,30-34,50,31,19,49,30,19,
2010 to 2015,158,35-39,36,24,12,42,26,16,
2010 to 2015,158,40-44,29,19,10,26,17,9,
2010 to 2015,158,45-49,23,14,9,26,16,10,
2010 to 2015,158,50-54,22,12,10,22,13,9,
2010 to 2015,158,55-59,15,9,6,17,9,8,
2010 to 2015,158,60-64,10,6,4,14,9,5,
2010 to 2015,158,65-69,5,3,2,7,4,3,
2010 to 2015,158,70-74,3,2,1,3,2,1,
2010 to 2015,158,75-79,3,1,2,5,2,3,
2010 to 2015,158,80-84,2,1,1,2,0,2,
2010 to 2015,158,85-89,0,0,0,2,1,1,
2010 to 2015,158,90+,2,1,1,2,1,1,
2010 to 2015,164,Total,162,92,70,176,96,80,
2010 to 2015,164,0-4,17,10,7,16,11,5,
2010 to 2015,164,5-9,12,7,5,12,6,6,
2010 to 2015,164,10-14,9,4,5,12,5,7,
2010 to 2015,164,15-19,10,5,5,17,9,8,
2010 to 2015,164,20-24,22,10,12,21,9,12,
2010 to 2015,164,25-29,21,12,9,20,11,9,
2010 to 2015,164,30-34,15,9,6,14,9,5,
2010 to 2015,164,35-39,9,6,3,9,5,4,
2010 to 2015,164,40-44,7,4,3,8,5,3,
2010 to 2015,164,45-49,9,5,4,11,6,5,
2010 to 2015,164,50-54,10,7,3,12,7,5,
2010 to 2015,164,55-59,8,5,3,7,4,3,
2010 to 2015,164,60-64,5,3,2,7,3,4,
2010 to 2015,164,65-69,3,2,1,5,3,2,
2010 to 2015,164,70-74,2,1,1,3,2,1,
2010 to 2015,164,75-79,1,1,0,1,1,0,
2010 to 2015,164,80-84,1,1,0,0,0,0,
2010 to 2015,164,85-89,1,0,1,0,0,0,
2010 to 2015,164,90+,0,0,0,1,0,1,
2010 to 2015,170,Total,9242,4953,4289,7997,4245,3752,
2010 to 2015,170,0-4,988,510,478,677,342,335,
2010 to 2015,170,5-9,784,406,378,592,299,293,
2010 to 2015,170,10-14,634,334,300,481,241,240,
2010 to 2015,170,15-19,568,300,268,623,310,313,
2010 to 2015,170,20-24,959,499,460,1084,581,503,
2010 to 2015,170,25-29,1102,582,520,863,471,392,
2010 to 2015,170,30-34,902,502,400,703,389,314,
2010 to 2015,170,35-39,656,370,286,515,289,226,
2010 to 2015,170,40-44,574,318,256,480,264,216,
2010 to 2015,170,45-49,479,266,213,443,244,199,
2010 to 2015,170,50-54,478,271,207,448,245,203,
2010 to 2015,170,55-59,373,199,174,368,195,173,
2010 to 2015,170,60-64,300,170,130,295,157,138,
2010 to 2015,170,65-69,188,99,89,181,99,82,
2010 to 2015,170,70-74,107,58,49,105,54,51,
2010 to 2015,170,75-79,62,32,30,51,26,25,
2010 to 2015,170,80-84,44,23,21,50,21,29,
2010 to 2015,170,85-89,28,9,19,19,12,7,
2010 to 2015,170,90+,16,5,11,19,6,13,
2010 to 2015,180,Total,722,410,312,784,423,361,
2010 to 2015,180,0-4,74,44,30,77,37,40,
2010 to 2015,180,5-9,52,23,29,56,29,27,
2010 to 2015,180,10-14,44,24,20,47,23,24,
2010 to 2015,180,15-19,49,25,24,62,30,32,
2010 to 2015,180,20-24,84,43,41,101,54,47,
2010 to 2015,180,25-29,100,58,42,91,50,41,
2010 to 2015,180,30-34,72,45,27,72,44,28,
2010 to 2015,180,35-39,50,31,19,50,29,21,
2010 to 2015,180,40-44,43,30,13,38,23,15,
2010 to 2015,180,45-49,37,21,16,41,24,17,
2010 to 2015,180,50-54,39,22,17,41,22,19,
2010 to 2015,180,55-59,35,20,15,40,22,18,
2010 to 2015,180,60-64,21,11,10,35,18,17,
2010 to 2015,180,65-69,11,7,4,15,9,6,
2010 to 2015,180,70-74,6,3,3,9,5,4,
2010 to 2015,180,75-79,3,2,1,4,1,3,
2010 to 2015,180,80-84,2,1,1,2,1,1,
2010 to 2015,180,85-89,0,0,0,2,2,0,
2010 to 2015,180,90+,0,0,0,1,0,1,
2010 to 2015,185,Total,648,361,287,697,386,311,
2010 to 2015,185,0-4,84,42,42,85,43,42,
2010 to 2015,185,5-9,51,25,26,56,25,31,
2010 to 2015,185,10-14,36,18,18,40,19,21,
2010 to 2015,185,15-19,40,20,20,50,25,25,
2010 to 2015,185,20-24,80,43,37,87,46,41,
2010 to 2015,185,25-29,83,48,35,75,46,29,
2010 to 2015,185,30-34,54,34,20,51,29,22,
2010 to 2015,185,35-39,38,25,13,36,23,13,
2010 to 2015,185,40-44,32,19,13,31,20,11,
2010 to 2015,185,45-49,38,26,12,45,28,17,
2010 to 2015,185,50-54,38,21,17,37,22,15,
2010 to 2015,185,55-59,34,18,16,37,22,15,
2010 to 2015,185,60-64,19,11,8,32,19,13,
2010 to 2015,185,65-69,8,5,3,18,10,8,
2010 to 2015,185,70-74,7,4,3,7,4,3,
2010 to 2015,185,75-79,4,2,2,6,3,3,
2010 to 2015,185,80-84,1,0,1,3,1,2,
2010 to 2015,185,85-89,1,0,1,1,1,0,
2010 to 2015,185,90+,0,0,0,0,0,0,
2010 to 2015,188,Total,583,327,256,654,356,298,
2010 to 2015,188,0-4,81,44,37,80,41,39,
2010 to 2015,188,5-9,41,20,21,50,25,25,
2010 to 2015,188,10-14,31,15,16,40,21,19,
2010 to 2015,188,15-19,38,20,18,53,26,27,
2010 to 2015,188,20-24,74,41,33,91,47,44,
2010 to 2015,188,25-29,80,45,35,76,42,34,
2010 to 2015,188,30-34,50,30,20,53,31,22,
2010 to 2015,188,35-39,34,22,12,37,24,13,
2010 to 2015,188,40-44,29,17,12,34,22,12,
2010 to 2015,188,45-49,33,20,13,32,18,14,
2010 to 2015,188,50-54,33,21,12,34,23,11,
2010 to 2015,188,55-59,24,14,10,27,13,14,
2010 to 2015,188,60-64,17,10,7,20,11,9,
2010 to 2015,188,65-69,6,3,3,11,6,5,
2010 to 2015,188,70-74,6,3,3,6,3,3,
2010 to 2015,188,75-79,4,2,2,5,2,3,
2010 to 2015,188,80-84,1,0,1,4,1,3,
2010 to 2015,188,85-89,1,0,1,0,0,0,
2010 to 2015,188,90+,0,0,0,1,0,1,
2010 to 2015,195,Total,239,134,105,271,145,126,
2010 to 2015,195,0-4,20,10,10,20,9,11,
2010 to 2015,195,5-9,19,10,9,17,8,9,
2010 to 2015,195,10-14,13,8,5,14,8,6,
2010 to 2015,195,15-19,10,6,4,17,8,9,
2010 to 2015,195,20-24,23,12,11,39,21,18,
2010 to 2015,195,25-29,26,15,11,30,17,13,
2010 to 2015,195,30-34,25,13,12,20,11,9,
2010 to 2015,195,35-39,20,12,8,17,11,6,
2010 to 2015,195,40-44,16,9,7,15,8,7,
2010 to 2015,195,45-49,14,8,6,15,8,7,
2010 to 2015,195,50-54,13,8,5,14,7,7,
2010 to 2015,195,55-59,10,6,4,17,8,9,
2010 to 2015,195,60-64,10,7,3,13,9,4,
2010 to 2015,195,65-69,9,5,4,10,4,6,
2010 to 2015,195,70-74,4,2,2,6,4,2,
2010 to 2015,195,75-79,2,1,1,2,1,1,
2010 to 2015,195,80-84,1,0,1,2,1,1,
2010 to 2015,195,85-89,2,1,1,1,1,0,
2010 to 2015,195,90+,2,1,1,2,1,1,
2010 to 2015,198,Total,610,337,273,588,329,259,
2010 to 2015,198,0-4,63,27,36,52,28,24,
2010 to 2015,198,5-9,47,27,20,39,22,17,
2010 to 2015,198,10-14,40,21,19,33,19,14,
2010 to 2015,198,15-19,35,20,15,49,24,25,
2010 to 2015,198,20-24,58,31,27,67,39,28,
2010 to 2015,198,25-29,57,31,26,53,27,26,
2010 to 2015,198,30-34,56,32,24,45,26,19,
2010 to 2015,198,35-39,39,23,16,35,21,14,
2010 to 2015,198,40-44,37,20,17,32,18,14,
2010 to 2015,198,45-49,41,26,15,36,21,15,
2010 to 2015,198,50-54,44,27,17,36,20,16,
2010 to 2015,198,55-59,34,19,15,36,20,16,
2010 to 2015,198,60-64,25,14,11,30,17,13,
2010 to 2015,198,65-69,18,11,7,18,12,6,
2010 to 2015,198,70-74,9,5,4,12,7,5,
2010 to 2015,198,75-79,4,2,2,8,5,3,
2010 to 2015,198,80-84,2,1,1,4,2,2,
2010 to 2015,198,85-89,1,0,1,2,1,1,
2010 to 2015,198,90+,0,0,0,1,0,1,
2010 to 2015,220,Total,774,395,379,824,427,397,
2010 to 2015,220,0-4,67,34,33,70,39,31,
2010 to 2015,220,5-9,51,24,27,51,25,26,
2010 to 2015,220,10-14,40,19,21,42,21,21,
2010 to 2015,220,15-19,46,21,25,52,23,29,
2010 to 2015,220,20-24,80,35,45,96,49,47,
2010 to 2015,220,25-29,103,50,53,89,41,48,
2010 to 2015,220,30-34,91,50,41,88,49,39,
2010 to 2015,220,35-39,61,34,27,60,32,28,
2010 to 2015,220,40-44,46,25,21,47,25,22,
2010 to 2015,220,45-49,42,26,16,47,27,20,
2010 to 2015,220,50-54,42,24,18,45,26,19,
2010 to 2015,220,55-59,37,20,17,42,22,20,
2010 to 2015,220,60-64,27,15,12,42,21,21,
2010 to 2015,220,65-69,11,6,5,23,12,11,
2010 to 2015,220,70-74,10,5,5,12,7,5,
2010 to 2015,220,75-79,5,2,3,7,4,3,
2010 to 2015,220,80-84,6,3,3,2,0,2,
2010 to 2015,220,85-89,5,1,4,6,3,3,
2010 to 2015,220,90+,4,1,3,3,1,2,
2010 to 2015,230,Total,94,51,43,90,48,42,
2010 to 2015,230,0-4,5,3,2,5,4,1,
2010 to 2015,230,5-9,4,2,2,5,2,3,
2010 to 2015,230,10-14,2,1,1,4,2,2,
2010 to 2015,230,15-19,2,1,1,4,2,2,
2010 to 2015,230,20-24,8,4,4,7,3,4,
2010 to 2015,230,25-29,13,6,7,9,4,5,
2010 to 2015,230,30-34,17,9,8,14,7,7,
2010 to 2015,230,35-39,12,6,6,10,4,6,
2010 to 2015,230,40-44,8,5,3,7,5,2,
2010 to 2015,230,45-49,5,3,2,4,2,2,
2010 to 2015,230,50-54,5,3,2,4,3,1,
2010 to 2015,230,55-59,5,3,2,5,3,2,
2010 to 2015,230,60-64,5,3,2,7,4,3,
2010 to 2015,230,65-69,2,1,1,3,2,1,
2010 to 2015,230,70-74,1,1,0,2,1,1,
2010 to 2015,230,75-79,0,0,0,0,0,0,
2010 to 2015,230,80-84,0,0,0,0,0,0,
2010 to 2015,230,85-89,0,0,0,0,0,0,
2010 to 2015,230,90+,0,0,0,0,0,0,
2010 to 2015,240,Total,704,383,321,806,431,375,
2010 to 2015,240,0-4,68,36,32,79,38,41,
2010 to 2015,240,5-9,61,31,30,63,32,31,
2010 to 2015,240,10-14,50,26,24,50,25,25,
2010 to 2015,240,15-19,43,20,23,69,35,34,
2010 to 2015,240,20-24,76,40,36,97,49,48,
2010 to 2015,240,25-29,79,45,34,84,48,36,
2010 to 2015,240,30-34,61,35,26,64,37,27,
2010 to 2015,240,35-39,52,26,26,49,26,23,
2010 to 2015,240,40-44,40,23,17,44,24,20,
2010 to 2015,240,45-49,43,26,17,38,22,16,
2010 to 2015,240,50-54,40,26,14,50,28,22,
2010 to 2015,240,55-59,32,17,15,35,19,16,
2010 to 2015,240,60-64,25,16,9,31,19,12,
2010 to 2015,240,65-69,13,7,6,20,11,9,
2010 to 2015,240,70-74,11,6,5,16,9,7,
2010 to 2015,240,75-79,5,2,3,8,3,5,
2010 to 2015,240,80-84,2,0,2,5,3,2,
2010 to 2015,240,85-89,2,1,1,3,2,1,
2010 to 2015,240,90+,1,0,1,1,1,0,
2010 to 2015,275,Total,199,100,99,186,100,86,
2010 to 2015,275,0-4,18,7,11,14,7,7,
2010 to 2015,275,5-9,10,5,5,10,5,5,
2010 to 2015,275,10-14,10,5,5,9,5,4,
2010 to 2015,275,15-19,9,4,5,14,7,7,
2010 to 2015,275,20-24,24,10,14,28,15,13,
2010 to 2015,275,25-29,24,12,12,19,12,7,
2010 to 2015,275,30-34,15,9,6,15,9,6,
2010 to 2015,275,35-39,10,6,4,9,4,5,
2010 to 2015,275,40-44,10,5,5,8,5,3,
2010 to 2015,275,45-49,13,7,6,9,5,4,
2010 to 2015,275,50-54,13,7,6,12,7,5,
2010 to 2015,275,55-59,14,7,7,11,6,5,
2010 to 2015,275,60-64,10,6,4,9,4,5,
2010 to 2015,275,65-69,7,3,4,5,2,3,
2010 to 2015,275,70-74,4,2,2,4,2,2,
2010 to 2015,275,75-79,3,2,1,4,2,2,
2010 to 2015,275,80-84,2,1,1,2,1,1,
2010 to 2015,275,85-89,2,1,1,3,2,1,
2010 to 2015,275,90+,1,1,0,1,0,1,
2010 to 2015,282,Total,54,34,20,70,38,32,
2010 to 2015,282,0-4,5,3,2,7,3,4,
2010 to 2015,282,5-9,3,2,1,5,3,2,
2010 to 2015,282,10-14,2,1,1,3,1,2,
2010 to 2015,282,15-19,4,2,2,6,3,3,
2010 to 2015,282,20-24,5,3,2,9,4,5,
2010 to 2015,282,25-29,6,3,3,6,3,3,
2010 to 2015,282,30-34,4,3,1,5,4,1,
2010 to 2015,282,35-39,4,3,1,5,3,2,
2010 to 2015,282,40-44,4,2,2,6,3,3,
2010 to 2015,282,45-49,6,4,2,4,3,1,
2010 to 2015,282,50-54,3,2,1,4,2,2,
2010 to 2015,282,55-59,3,2,1,4,3,1,
2010 to 2015,282,60-64,3,2,1,3,2,1,
2010 to 2015,282,65-69,1,1,0,1,0,1,
2010 to 2015,282,70-74,1,1,0,1,1,0,
2010 to 2015,282,75-79,0,0,0,0,0,0,
2010 to 2015,282,80-84,0,0,0,1,0,1,
2010 to 2015,282,85-89,0,0,0,0,0,0,
2010 to 2015,282,90+,0,0,0,0,0,0,
2010 to 2015,290,Total,588,330,258,639,354,285,
2010 to 2015,290,0-4,67,32,35,48,23,25,
2010 to 2015,290,5-9,41,23,18,45,25,20,
2010 to 2015,290,10-14,32,18,14,39,20,19,
2010 to 2015,290,15-19,37,19,18,49,24,25,
2010 to 2015,290,20-24,64,33,31,78,43,35,
2010 to 2015,290,25-29,65,36,29,67,36,31,
2010 to 2015,290,30-34,56,35,21,51,31,20,
2010 to 2015,290,35-39,40,23,17,41,25,16,
2010 to 2015,290,40-44,30,18,12,34,20,14,
2010 to 2015,290,45-49,36,21,15,32,20,12,
2010 to 2015,290,50-54,36,21,15,43,26,17,
2010 to 2015,290,55-59,31,19,12,34,19,15,
2010 to 2015,290,60-64,22,14,8,35,18,17,
2010 to 2015,290,65-69,15,9,6,17,10,7,
2010 to 2015,290,70-74,6,4,2,13,8,5,
2010 to 2015,290,75-79,5,3,2,4,3,1,
2010 to 2015,290,80-84,3,1,2,5,2,3,
2010 to 2015,290,85-89,2,1,1,3,1,2,
2010 to 2015,290,90+,0,0,0,1,0,1,
2005 to 2010,000,Total,41483,22968,18515,39806,21910,17896,
2005 to 2010,000,0-4,3760,1897,1863,3367,1719,1648,
2005 to 2010,000,5-9,2977,1538,1439,2733,1410,1323,
2005 to 2010,000,10-14,2511,1305,1206,2339,1181,1158,
2005 to 2010,000,15-19,2656,1383,1273,2984,1539,1445,
2005 to 2010,000,20-24,5702,3226,2476,5231,2941,2290,
2005 to 2010,000,25-29,5520,3125,2395,4523,2635,1888,
2005 to 2010,000,30-34,3990,2292,1698,3494,1986,1508,
2005 to 2010,000,35-39,3293,1897,1396,3013,1735,1278,
2005 to 2010,000,40-44,2856,1694,1162,2676,1552,1124,
2005 to 2010,000,45-49,2552,1520,1032,2433,1410,1023,
2005 to 2010,000,50-54,1972,1131,841,2158,1204,954,
2005 to 2010,000,55-59,1444,823,621,1810,984,826,
2005 to 2010,000,60-64,897,495,402,1289,706,583,
2005 to 2010,000,65-69,508,272,236,753,411,342,
2005 to 2010,000,70-74,310,158,152,405,223,182,
2005 to 2010,000,75-79,218,99,119,257,129,128,
2005 to 2010,000,80-84,165,63,102,180,88,92,
2005 to 2010,000,85-89,105,35,70,99,34,65,
2005 to 2010,000,90+,47,15,32,62,23,39,
2005 to 2010,013,Total,149,87,62,67,38,29,
2005 to 2010,013,0-4,8,4,4,5,2,3,
2005 to 2010,013,5-9,8,4,4,3,1,2,
2005 to 2010,013,10-14,7,4,3,4,2,2,
2005 to 2010,013,15-19,8,4,4,6,3,3,
2005 to 2010,013,20-24,11,5,6,6,4,2,
2005 to 2010,013,25-29,16,9,7,6,4,2,
2005 to 2010,013,30-34,12,8,4,5,2,3,
2005 to 2010,013,35-39,12,8,4,4,3,1,
2005 to 2010,013,40-44,15,10,5,7,4,3,
2005 to 2010,013,45-49,18,11,7,7,4,3,
2005 to 2010,013,50-54,11,7,4,5,3,2,
2005 to 2010,013,55-59,11,6,5,5,3,2,
2005 to 2010,013,60-64,7,4,3,3,2,1,
2005 to 2010,013,65-69,2,1,1,1,1,0,
2005 to 2010,013,70-74,2,1,1,0,0,0,
2005 to 2010,013,75-79,1,1,0,0,0,0,
2005 to 2010,013,80-84,0,0,0,0,0,0,
2005 to 2010,013,85-89,0,0,0,0,0,0,
2005 to 2010,013,90+,0,0,0,0,0,0,
2005 to 2010,016,Total,429,263,166,417,247,170,
2005 to 2010,016,0-4,23,12,11,32,18,14,
2005 to 2010,016,5-9,22,13,9,23,13,10,
2005 to 2010,016,10-14,19,10,9,22,11,11,
2005 to 2010,016,15-19,15,8,7,23,12,11,
2005 to 2010,016,20-24,39,24,15,30,17,13,
2005 to 2010,016,25-29,47,26,21,35,20,15,
2005 to 2010,016,30-34,38,24,14,27,15,12,
2005 to 2010,016,35-39,45,30,15,45,28,17,
2005 to 2010,016,40-44,52,36,16,44,31,13,
2005 to 2010,016,45-49,42,29,13,36,21,15,
2005 to 2010,016,50-54,34,20,14,39,24,15,
2005 to 2010,016,55-59,30,17,13,28,17,11,
2005 to 2010,016,60-64,14,8,6,16,9,7,
2005 to 2010,016,65-69,6,4,2,12,8,4,
2005 to 2010,016,70-74,2,1,1,3,2,1,
2005 to 2010,016,75-79,1,1,0,1,0,1,
2005 to 2010,016,80-84,0,0,0,1,1,0,
2005 to 2010,016,85-89,0,0,0,0,0,0,
2005 to 2010,016,90+,0,0,0,0,0,0,
2005 to 2010,020,Total,24960,13324,11636,22859,12184,10675,
2005 to 2010,020,0-4,2530,1305,1225,2126,1105,1021,
2005 to 2010,020,5-9,1930,990,940,1700,871,829,
2005 to 2010,020,10-14,1559,794,765,1410,712,698,
2005 to 2010,020,15-19,1606,813,793,1580,805,775,
2005 to 2010,020,20-24,3288,1721,1567,2882,1507,1375,
2005 to 2010,020,25-29,3409,1855,1554,2701,1477,1224,
2005 to 2010,020,30-34,2395,1328,1067,2089,1138,951,
2005 to 2010,020,35-39,1933,1083,850,1780,1006,774,
2005 to 2010,020,40-44,1622,910,712,1537,871,666,
2005 to 2010,020,45-49,1461,833,628,1365,761,604,
2005 to 2010,020,50-54,1141,627,514,1197,643,554,
2005 to 2010,020,55-59,823,458,365,948,499,449,
2005 to 2010,020,60-64,488,261,227,669,359,310,
2005 to 2010,020,65-69,288,147,141,380,202,178,
2005 to 2010,020,70-74,178,83,95,202,102,100,
2005 to 2010,020,75-79,122,52,70,129,62,67,
2005 to 2010,020,80-84,94,36,58,88,39,49,
2005 to 2010,020,85-89,62,17,45,48,16,32,
2005 to 2010,020,90+,31,11,20,28,9,19,
2005 to 2010,050,Total,1038,581,457,1334,737,597,
2005 to 2010,050,0-4,133,67,66,148,81,67,
2005 to 2010,050,5-9,75,38,37,108,57,51,
2005 to 2010,050,10-14,61,35,26,84,41,43,
2005 to 2010,050,15-19,79,39,40,119,64,55,
2005 to 2010,050,20-24,137,74,63,171,92,79,
2005 to 2010,050,25-29,130,74,56,139,77,62,
2005 to 2010,050,30-34,80,47,33,105,58,47,
2005 to 2010,050,35-39,67,39,28,87,51,36,
2005 to 2010,050,40-44,66,43,23,90,51,39,
2005 to 2010,050,45-49,63,40,23,76,51,25,
2005 to 2010,050,50-54,55,33,22,63,36,27,
2005 to 2010,050,55-59,36,20,16,58,32,26,
2005 to 2010,050,60-64,26,16,10,36,20,16,
2005 to 2010,050,65-69,11,6,5,25,13,12,
2005 to 2010,050,70-74,7,5,2,9,4,5,
2005 to 2010,050,75-79,6,2,4,5,4,1,
2005 to 2010,050,80-84,2,1,1,4,2,2,
2005 to 2010,050,85-89,2,1,1,3,1,2,
2005 to 2010,050,90+,2,1,1,4,2,2,
2005 to 2010,060,Total,119,68,51,163,95,68,
2005 to 2010,060,0-4,9,6,3,14,8,6,
2005 to 2010,060,5-9,8,4,4,11,7,4,
2005 to 2010,060,10-14,9,4,5,10,4,6,
2005 to 2010,060,15-19,7,4,3,13,7,6,
2005 to 2010,060,20-24,12,7,5,17,10,7,
2005 to 2010,060,25-29,11,6,5,13,7,6,
2005 to 2010,060,30-34,12,7,5,14,7,7,
2005 to 2010,060,35-39,11,6,5,10,7,3,
2005 to 2010,060,40-44,9,5,4,11,7,4,
2005 to 2010,060,45-49,9,5,4,15,9,6,
2005 to 2010,060,50-54,9,5,4,14,8,6,
2005 to 2010,060,55-59,5,3,2,8,4,4,
2005 to 2010,060,60-64,3,2,1,8,6,2,
2005 to 2010,060,65-69,3,2,1,2,1,1,
2005 to 2010,060,70-74,1,1,0,1,1,0,
2005 to 2010,060,75-79,1,1,0,1,1,0,
2005 to 2010,060,80-84,0,0,0,1,1,0,
2005 to 2010,060,85-89,0,0,0,0,0,0,
2005 to 2010,060,90+,0,0,0,0,0,0,
2005 to 2010,063,Total,600,332,268,723,387,336,
2005 to 2010,063,0-4,50,26,24,49,25,24,
2005 to 2010,063,5-9,41,21,20,47,23,24,
2005 to 2010,063,10-14,39,20,19,43,22,21,
2005 to 2010,063,15-19,39,23,16,64,34,30,
2005 to 2010,063,20-24,71,37,34,97,54,43,
2005 to 2010,063,25-29,65,38,27,57,31,26,
2005 to 2010,063,30-34,56,30,26,53,30,23,
2005 to 2010,063,35-39,42,25,17,50,27,23,
2005 to 2010,063,40-44,48,26,22,54,25,29,
2005 to 2010,063,45-49,51,33,18,56,33,23,
2005 to 2010,063,50-54,34,18,16,47,24,23,
2005 to 2010,063,55-59,27,16,11,44,24,20,
2005 to 2010,063,60-64,16,8,8,29,17,12,
2005 to 2010,063,65-69,9,5,4,15,10,5,
2005 to 2010,063,70-74,3,1,2,7,3,4,
2005 to 2010,063,75-79,3,2,1,5,2,3,
2005 to 2010,063,80-84,2,1,1,2,1,1,
2005 to 2010,063,85-89,2,1,1,2,1,1,
2005 to 2010,063,90+,2,1,1,2,1,1,
2005 to 2010,066,Total,309,169,140,357,188,169,
2005 to 2010,066,0-4,25,16,9,19,11,8,
2005 to 2010,066,5-9,24,11,13,26,12,14,
2005 to 2010,066,10-14,19,9,10,23,13,10,
2005 to 2010,066,15-19,24,12,12,39,16,23,
2005 to 2010,066,20-24,32,15,17,46,23,23,
2005 to 2010,066,25-29,29,16,13,32,18,14,
2005 to 2010,066,30-34,20,10,10,23,11,12,
2005 to 2010,066,35-39,22,12,10,19,11,8,
2005 to 2010,066,40-44,22,13,9,21,12,9,
2005 to 2010,066,45-49,23,12,11,24,12,12,
2005 to 2010,066,50-54,20,12,8,21,13,8,
2005 to 2010,066,55-59,19,11,8,20,11,9,
2005 to 2010,066,60-64,14,10,4,17,9,8,
2005 to 2010,066,65-69,8,4,4,9,6,3,
2005 to 2010,066,70-74,5,4,1,8,4,4,
2005 to 2010,066,75-79,2,1,1,4,3,1,
2005 to 2010,066,80-84,1,1,0,2,1,1,
2005 to 2010,066,85-89,0,0,0,2,1,1,
2005 to 2010,066,90+,0,0,0,2,1,1,
2005 to 2010,068,Total,221,123,98,233,135,98,
2005 to 2010,068,0-4,20,9,11,15,9,6,
2005 to 2010,068,5-9,15,6,9,14,5,9,
2005 to 2010,068,10-14,10,5,5,10,5,5,
2005 to 2010,068,15-19,11,7,4,18,12,6,
2005 to 2010,068,20-24,19,12,7,25,14,11,
2005 to 2010,068,25-29,23,11,12,20,12,8,
2005 to 2010,068,30-34,23,13,10,17,11,6,
2005 to 2010,068,35-39,22,14,8,17,10,7,
2005 to 2010,068,40-44,17,10,7,17,11,6,
2005 to 2010,068,45-49,18,11,7,21,11,10,
2005 to 2010,068,50-54,18,10,8,21,12,9,
2005 to 2010,068,55-59,13,8,5,17,10,7,
2005 to 2010,068,60-64,7,4,3,10,6,4,
2005 to 2010,068,65-69,4,2,2,6,3,3,
2005 to 2010,068,70-74,1,1,0,3,2,1,
2005 to 2010,068,75-79,0,0,0,1,1,0,
2005 to 2010,068,80-84,0,0,0,1,1,0,
2005 to 2010,068,85-89,0,0,0,0,0,0,
2005 to 2010,068,90+,0,0,0,0,0,0,
2005 to 2010,070,Total,374,205,169,421,223,198,
2005 to 2010,070,0-4,38,23,15,41,21,20,
2005 to 2010,070,5-9,27,14,13,31,15,16,
2005 to 2010,070,10-14,27,14,13,28,15,13,
2005 to 2010,070,15-19,34,16,18,44,21,23,
2005 to 2010,070,20-24,44,21,23,53,26,27,
2005 to 2010,070,25-29,41,21,20,44,24,20,
2005 to 2010,070,30-34,30,17,13,30,16,14,
2005 to 2010,070,35-39,19,11,8,25,13,12,
2005 to 2010,070,40-44,25,15,10,27,15,12,
2005 to 2010,070,45-49,25,15,10,29,17,12,
2005 to 2010,070,50-54,28,16,12,25,15,10,
2005 to 2010,070,55-59,17,10,7,20,12,8,
2005 to 2010,070,60-64,8,6,2,11,6,5,
2005 to 2010,070,65-69,4,3,1,7,4,3,
2005 to 2010,070,70-74,2,1,1,4,2,2,
2005 to 2010,070,75-79,2,1,1,0,0,0,
2005 to 2010,070,80-84,1,0,1,2,1,1,
2005 to 2010,070,85-89,2,1,1,0,0,0,
2005 to 2010,070,90+,0,0,0,0,0,0,
2005 to 2010,090,Total,8680,4691,3989,8426,4501,3925,
2005 to 2010,090,0-4,1005,520,485,968,483,485,
2005 to 2010,090,5-9,729,375,354,714,362,352,
2005 to 2010,090,10-14,547,287,260,560,283,277,
2005 to 2010,090,15-19,523,261,262,558,281,277,
2005 to 2010,090,20-24,1271,679,592,1069,569,500,
2005 to 2010,090,25-29,1265,707,558,1127,632,495,
2005 to 2010,090,30-34,895,494,401,829,458,371,
2005 to 2010,090,35-39,669,377,292,641,360,281,
2005 to 2010,090,40-44,492,278,214,508,282,226,
2005 to 2010,090,45-49,413,240,173,415,235,180,
2005 to 2010,090,50-54,315,177,138,342,187,155,
2005 to 2010,090,55-59,220,125,95,276,148,128,
2005 to 2010,090,60-64,136,72,64,183,100,83,
2005 to 2010,090,65-69,74,41,33,106,57,49,
2005 to 2010,090,70-74,44,25,19,55,31,24,
2005 to 2010,090,75-79,31,14,17,33,16,17,
2005 to 2010,090,80-84,24,10,14,22,10,12,
2005 to 2010,090,85-89,16,6,10,11,4,7,
2005 to 2010,090,90+,11,3,8,9,3,6,
2005 to 2010,100,Total,236,124,112,196,106,90,
2005 to 2010,100,0-4,15,5,10,11,6,5,
2005 to 2010,100,5-9,14,7,7,10,4,6,
2005 to 2010,100,10-14,13,6,7,10,5,5,
2005 to 2010,100,15-19,11,6,5,14,8,6,
2005 to 2010,100,20-24,16,8,8,20,10,10,
2005 to 2010,100,25-29,19,9,10,14,7,7,
2005 to 2010,100,30-34,21,10,11,12,8,4,
2005 to 2010,100,35-39,23,13,10,14,8,6,
2005 to 2010,100,40-44,16,10,6,16,9,7,
2005 to 2010,100,45-49,23,14,9,13,8,5,
2005 to 2010,100,50-54,20,10,10,17,9,8,
2005 to 2010,100,55-59,17,10,7,16,9,7,
2005 to 2010,100,60-64,13,7,6,11,6,5,
2005 to 2010,100,65-69,8,5,3,6,4,2,
2005 to 2010,100,70-74,4,2,2,3,1,2,
2005 to 2010,100,75-79,2,1,1,4,2,2,
2005 to 2010,100,80-84,1,1,0,2,1,1,
2005 to 2010,100,85-89,0,0,0,2,1,1,
2005 to 2010,100,90+,0,0,0,1,0,1,
2005 to 2010,105,Total,204,114,90,227,121,106,
2005 to 2010,105,0-4,18,7,11,18,9,9,
2005 to 2010,105,5-9,14,7,7,15,7,8,
2005 to 2010,105,10-14,9,4,5,10,6,4,
2005 to 2010,105,15-19,10,5,5,17,8,9,
2005 to 2010,105,20-24,25,14,11,31,14,17,
2005 to 2010,105,25-29,18,10,8,20,11,9,
2005 to 2010,105,30-34,17,10,7,15,8,7,
2005 to 2010,105,35-39,10,6,4,13,8,5,
2005 to 2010,105,40-44,16,10,6,14,9,5,
2005 to 2010,105,45-49,14,9,5,17,9,8,
2005 to 2010,105,50-54,17,11,6,16,8,8,
2005 to 2010,105,55-59,17,9,8,17,10,7,
2005 to 2010,105,60-64,10,7,3,10,7,3,
2005 to 2010,105,65-69,4,2,2,5,3,2,
2005 to 2010,105,70-74,3,2,1,2,1,1,
2005 to 2010,105,75-79,1,1,0,2,1,1,
2005 to 2010,105,80-84,0,0,0,2,1,1,
2005 to 2010,105,85-89,1,0,1,2,0,2,
2005 to 2010,105,90+,0,0,0,1,1,0,
2005 to 2010,110,Total,2565,1367,1198,2777,1449,1328,
2005 to 2010,110,0-4,236,125,111,219,105,114,
2005 to 2010,110,5-9,166,82,84,162,81,81,
2005 to 2010,110,10-14,132,71,61,136,67,69,
2005 to 2010,110,15-19,158,79,79,204,102,102,
2005 to 2010,110,20-24,326,161,165,385,203,182,
2005 to 2010,110,25-29,349,185,164,322,171,151,
2005 to 2010,110,30-34,240,137,103,224,121,103,
2005 to 2010,110,35-39,193,107,86,194,107,87,
2005 to 2010,110,40-44,179,102,77,180,99,81,
2005 to 2010,110,45-49,174,99,75,176,94,82,
2005 to 2010,110,50-54,146,79,67,180,94,86,
2005 to 2010,110,55-59,105,58,47,156,80,76,
2005 to 2010,110,60-64,67,39,28,111,62,49,
2005 to 2010,110,65-69,35,20,15,50,28,22,
2005 to 2010,110,70-74,21,10,11,32,17,15,
2005 to 2010,110,75-79,15,6,9,17,8,9,
2005 to 2010,110,80-84,9,3,6,14,4,10,
2005 to 2010,110,85-89,8,2,6,9,5,4,
2005 to 2010,110,90+,6,2,4,6,1,5,
2005 to 2010,122,Total,4436,2408,2028,3968,2129,1839,
2005 to 2010,122,0-4,368,195,173,270,143,127,
2005 to 2010,122,5-9,291,152,139,236,124,112,
2005 to 2010,122,10-14,257,131,126,217,105,112,
2005 to 2010,122,15-19,270,136,134,338,167,171,
2005 to 2010,122,20-24,478,256,222,599,319,280,
2005 to 2010,122,25-29,485,261,224,403,232,171,
2005 to 2010,122,30-34,365,201,164,286,156,130,
2005 to 2010,122,35-39,314,181,133,252,140,112,
2005 to 2010,122,40-44,296,174,122,238,135,103,
2005 to 2010,122,45-49,311,173,138,263,147,116,
2005 to 2010,122,50-54,295,160,135,257,137,120,
2005 to 2010,122,55-59,255,144,111,232,129,103,
2005 to 2010,122,60-64,182,102,80,146,78,68,
2005 to 2010,122,65-69,111,65,46,95,51,44,
2005 to 2010,122,70-74,61,33,28,57,31,26,
2005 to 2010,122,75-79,40,22,18,33,17,16,
2005 to 2010,122,80-84,30,13,17,28,14,14,
2005 to 2010,122,85-89,18,7,11,11,3,8,
2005 to 2010,122,90+,9,2,7,7,1,6,
2005 to 2010,130,Total,1152,625,527,1214,656,558,
2005 to 2010,130,0-4,108,61,47,102,61,41,
2005 to 2010,130,5-9,78,41,37,75,41,34,
2005 to 2010,130,10-14,63,30,33,67,33,34,
2005 to 2010,130,15-19,77,39,38,98,46,52,
2005 to 2010,130,20-24,125,65,60,164,90,74,
2005 to 2010,130,25-29,139,77,62,115,60,55,
2005 to 2010,130,30-34,101,57,44,90,52,38,
2005 to 2010,130,35-39,86,49,37,86,48,38,
2005 to 2010,130,40-44,82,47,35,80,42,38,
2005 to 2010,130,45-49,85,51,34,89,52,37,
2005 to 2010,130,50-54,70,38,32,72,42,30,
2005 to 2010,130,55-59,56,30,26,64,33,31,
2005 to 2010,130,60-64,31,18,13,43,24,19,
2005 to 2010,130,65-69,20,9,11,28,13,15,
2005 to 2010,130,70-74,12,7,5,16,8,8,
2005 to 2010,130,75-79,7,2,5,9,5,4,
2005 to 2010,130,80-84,6,2,4,9,4,5,
2005 to 2010,130,85-89,2,1,1,3,1,2,
2005 to 2010,130,90+,4,1,3,4,1,3,
2005 to 2010,150,Total,1236,668,568,1360,725,635,
2005 to 2010,150,0-4,135,68,67,128,67,61,
2005 to 2010,150,5-9,112,62,50,113,62,51,
2005 to 2010,150,10-14,91,50,41,95,49,46,
2005 to 2010,150,15-19,78,40,38,123,60,63,
2005 to 2010,150,20-24,125,66,59,152,77,75,
2005 to 2010,150,25-29,146,74,72,120,65,55,
2005 to 2010,150,30-34,115,63,52,110,58,52,
2005 to 2010,150,35-39,104,57,47,106,58,48,
2005 to 2010,150,40-44,93,50,43,108,60,48,
2005 to 2010,150,45-49,77,47,30,79,44,35,
2005 to 2010,150,50-54,55,33,22,67,37,30,
2005 to 2010,150,55-59,44,25,19,57,33,24,
2005 to 2010,150,60-64,24,15,9,45,25,20,
2005 to 2010,150,65-69,17,9,8,23,14,9,
2005 to 2010,150,70-74,9,5,4,14,8,6,
2005 to 2010,150,75-79,5,2,3,9,4,5,
2005 to 2010,150,80-84,3,1,2,6,2,4,
2005 to 2010,150,85-89,2,1,1,4,2,2,
2005 to 2010,150,90+,1,0,1,1,0,1,
2005 to 2010,158,Total,476,260,216,624,329,295,
2005 to 2010,158,0-4,77,37,40,87,41,46,
2005 to 2010,158,5-9,48,25,23,63,32,31,
2005 to 2010,158,10-14,33,16,17,47,23,24,
2005 to 2010,158,15-19,43,23,20,66,34,32,
2005 to 2010,158,20-24,56,30,26,89,46,43,
2005 to 2010,158,25-29,54,31,23,70,38,32,
2005 to 2010,158,30-34,37,21,16,43,24,19,
2005 to 2010,158,35-39,31,21,10,42,28,14,
2005 to 2010,158,40-44,26,15,11,29,16,13,
2005 to 2010,158,45-49,23,14,9,27,16,11,
2005 to 2010,158,50-54,15,10,5,19,11,8,
2005 to 2010,158,55-59,14,8,6,16,8,8,
2005 to 2010,158,60-64,8,5,3,10,5,5,
2005 to 2010,158,65-69,4,2,2,6,4,2,
2005 to 2010,158,70-74,1,0,1,3,1,2,
2005 to 2010,158,75-79,2,1,1,3,1,2,
2005 to 2010,158,80-84,2,0,2,2,0,2,
2005 to 2010,158,85-89,2,1,1,2,1,1,
2005 to 2010,158,90+,0,0,0,0,0,0,
2005 to 2010,164,Total,163,87,76,186,101,85,
2005 to 2010,164,0-4,17,8,9,18,10,8,
2005 to 2010,164,5-9,13,6,7,14,7,7,
2005 to 2010,164,10-14,12,6,6,13,6,7,
2005 to 2010,164,15-19,16,7,9,17,8,9,
2005 to 2010,164,20-24,18,9,9,22,12,10,
2005 to 2010,164,25-29,18,10,8,18,10,8,
2005 to 2010,164,30-34,16,9,7,15,8,7,
2005 to 2010,164,35-39,8,5,3,10,5,5,
2005 to 2010,164,40-44,11,5,6,12,7,5,
2005 to 2010,164,45-49,12,8,4,14,8,6,
2005 to 2010,164,50-54,8,5,3,11,6,5,
2005 to 2010,164,55-59,5,2,3,6,3,3,
2005 to 2010,164,60-64,4,3,1,7,5,2,
2005 to 2010,164,65-69,2,2,0,5,3,2,
2005 to 2010,164,70-74,1,1,0,1,1,0,
2005 to 2010,164,75-79,1,1,0,1,1,0,
2005 to 2010,164,80-84,1,0,1,2,1,1,
2005 to 2010,164,85-89,0,0,0,0,0,0,
2005 to 2010,164,90+,0,0,0,0,0,0,
2005 to 2010,170,Total,8542,4557,3985,6421,3488,2933,
2005 to 2010,170,0-4,896,468,428,551,292,259,
2005 to 2010,170,5-9,689,353,336,442,233,209,
2005 to 2010,170,10-14,619,325,294,400,211,189,
2005 to 2010,170,15-19,573,289,284,589,294,295,
2005 to 2010,170,20-24,885,456,429,940,496,444,
2005 to 2010,170,25-29,969,531,438,669,384,285,
2005 to 2010,170,30-34,746,404,342,489,273,216,
2005 to 2010,170,35-39,658,357,301,430,241,189,
2005 to 2010,170,40-44,599,340,259,413,234,179,
2005 to 2010,170,45-49,546,311,235,426,243,183,
2005 to 2010,170,50-54,437,246,191,354,202,152,
2005 to 2010,170,55-59,351,187,164,278,155,123,
2005 to 2010,170,60-64,231,120,111,172,94,78,
2005 to 2010,170,65-69,139,77,62,109,59,50,
2005 to 2010,170,70-74,77,38,39,65,37,28,
2005 to 2010,170,75-79,54,26,28,44,19,25,
2005 to 2010,170,80-84,36,16,20,25,13,12,
2005 to 2010,170,85-89,24,9,15,19,6,13,
2005 to 2010,170,90+,13,4,9,6,2,4,
2005 to 2010,180,Total,591,326,265,738,401,337,
2005 to 2010,180,0-4,64,31,33,75,35,40,
2005 to 2010,180,5-9,43,22,21,64,31,33,
2005 to 2010,180,10-14,35,18,17,45,24,21,
2005 to 2010,180,15-19,43,21,22,72,37,35,
2005 to 2010,180,20-24,74,42,32,88,51,37,
2005 to 2010,180,25-29,73,42,31,72,41,31,
2005 to 2010,180,30-34,52,31,21,55,32,23,
2005 to 2010,180,35-39,41,25,16,50,30,20,
2005 to 2010,180,40-44,39,23,16,48,28,20,
2005 to 2010,180,45-49,38,23,15,44,23,21,
2005 to 2010,180,50-54,29,17,12,38,23,15,
2005 to 2010,180,55-59,27,16,11,38,23,15,
2005 to 2010,180,60-64,13,7,6,22,10,12,
2005 to 2010,180,65-69,8,4,4,14,7,7,
2005 to 2010,180,70-74,4,1,3,4,2,2,
2005 to 2010,180,75-79,3,1,2,5,2,3,
2005 to 2010,180,80-84,2,1,1,1,1,0,
2005 to 2010,180,85-89,2,1,1,2,1,1,
2005 to 2010,180,90+,1,0,1,1,0,1,
2005 to 2010,185,Total,549,303,246,715,396,319,
2005 to 2010,185,0-4,67,33,34,79,42,37,
2005 to 2010,185,5-9,35,18,17,54,28,26,
2005 to 2010,185,10-14,30,16,14,38,21,17,
2005 to 2010,185,15-19,46,24,22,73,39,34,
2005 to 2010,185,20-24,73,39,34,93,50,43,
2005 to 2010,185,25-29,61,32,29,66,36,30,
2005 to 2010,185,30-34,30,18,12,41,25,16,
2005 to 2010,185,35-39,33,19,14,45,25,20,
2005 to 2010,185,40-44,41,28,13,46,30,16,
2005 to 2010,185,45-49,36,21,15,42,26,16,
2005 to 2010,185,50-54,36,21,15,46,26,20,
2005 to 2010,185,55-59,26,16,10,38,20,18,
2005 to 2010,185,60-64,18,10,8,28,15,13,
2005 to 2010,185,65-69,6,3,3,15,7,8,
2005 to 2010,185,70-74,4,3,1,5,3,2,
2005 to 2010,185,75-79,3,1,2,3,2,1,
2005 to 2010,185,80-84,2,1,1,2,1,1,
2005 to 2010,185,85-89,1,0,1,0,0,0,
2005 to 2010,185,90+,1,0,1,1,0,1,
2005 to 2010,188,Total,490,270,220,618,338,280,
2005 to 2010,188,0-4,60,31,29,68,34,34,
2005 to 2010,188,5-9,34,16,18,45,22,23,
2005 to 2010,188,10-14,29,13,16,40,19,21,
2005 to 2010,188,15-19,40,21,19,62,30,32,
2005 to 2010,188,20-24,66,35,31,86,47,39,
2005 to 2010,188,25-29,58,32,26,64,37,27,
2005 to 2010,188,30-34,37,23,14,48,28,20,
2005 to 2010,188,35-39,28,18,10,41,25,16,
2005 to 2010,188,40-44,34,23,11,35,22,13,
2005 to 2010,188,45-49,39,24,15,37,23,14,
2005 to 2010,188,50-54,25,14,11,29,16,13,
2005 to 2010,188,55-59,21,12,9,26,15,11,
2005 to 2010,188,60-64,7,4,3,18,10,8,
2005 to 2010,188,65-69,6,2,4,8,3,5,
2005 to 2010,188,70-74,2,1,1,3,2,1,
2005 to 2010,188,75-79,2,1,1,4,2,2,
2005 to 2010,188,80-84,1,0,1,1,1,0,
2005 to 2010,188,85-89,1,0,1,2,1,1,
2005 to 2010,188,90+,0,0,0,1,1,0,
2005 to 2010,195,Total,260,145,115,295,162,133,
2005 to 2010,195,0-4,21,13,8,27,16,11,
2005 to 2010,195,5-9,15,8,7,21,12,9,
2005 to 2010,195,10-14,13,5,8,14,8,6,
2005 to 2010,195,15-19,17,9,8,28,14,14,
2005 to 2010,195,20-24,28,15,13,40,22,18,
2005 to 2010,195,25-29,32,16,16,26,13,13,
2005 to 2010,195,30-34,21,13,8,25,15,10,
2005 to 2010,195,35-39,21,12,9,18,10,8,
2005 to 2010,195,40-44,18,9,9,20,10,10,
2005 to 2010,195,45-49,17,11,6,19,12,7,
2005 to 2010,195,50-54,19,11,8,18,10,8,
2005 to 2010,195,55-59,15,10,5,13,7,6,
2005 to 2010,195,60-64,8,4,4,11,4,7,
2005 to 2010,195,65-69,6,4,2,6,4,2,
2005 to 2010,195,70-74,3,2,1,3,2,1,
2005 to 2010,195,75-79,2,1,1,3,2,1,
2005 to 2010,195,80-84,2,1,1,1,1,0,
2005 to 2010,195,85-89,2,1,1,1,0,1,
2005 to 2010,195,90+,0,0,0,1,0,1,
2005 to 2010,198,Total,538,306,232,615,346,269,
2005 to 2010,198,0-4,50,26,24,45,21,24,
2005 to 2010,198,5-9,37,21,16,38,20,18,
2005 to 2010,198,10-14,39,21,18,34,18,16,
2005 to 2010,198,15-19,36,20,16,73,39,34,
2005 to 2010,198,20-24,51,30,21,76,41,35,
2005 to 2010,198,25-29,48,27,21,49,31,18,
2005 to 2010,198,30-34,43,25,18,42,25,17,
2005 to 2010,198,35-39,40,21,19,36,19,17,
2005 to 2010,198,40-44,40,24,16,43,24,19,
2005 to 2010,198,45-49,40,24,16,44,26,18,
2005 to 2010,198,50-54,37,21,16,42,23,19,
2005 to 2010,198,55-59,28,17,11,31,21,10,
2005 to 2010,198,60-64,21,13,8,21,13,8,
2005 to 2010,198,65-69,13,8,5,18,10,8,
2005 to 2010,198,70-74,7,4,3,11,8,3,
2005 to 2010,198,75-79,5,2,3,6,3,3,
2005 to 2010,198,80-84,1,1,0,4,3,1,
2005 to 2010,198,85-89,2,1,1,2,1,1,
2005 to 2010,198,90+,0,0,0,0,0,0,
2005 to 2010,220,Total,731,380,351,806,413,393,
2005 to 2010,220,0-4,61,34,27,78,40,38,
2005 to 2010,220,5-9,45,23,22,57,31,26,
2005 to 2010,220,10-14,41,22,19,42,18,24,
2005 to 2010,220,15-19,44,18,26,57,26,31,
2005 to 2010,220,20-24,77,33,44,106,47,59,
2005 to 2010,220,25-29,96,50,46,89,45,44,
2005 to 2010,220,30-34,73,41,32,71,39,32,
2005 to 2010,220,35-39,59,33,26,55,31,24,
2005 to 2010,220,40-44,53,30,23,54,32,22,
2005 to 2010,220,45-49,49,27,22,54,28,26,
2005 to 2010,220,50-54,42,24,18,40,23,17,
2005 to 2010,220,55-59,35,17,18,33,15,18,
2005 to 2010,220,60-64,17,10,7,26,15,11,
2005 to 2010,220,65-69,12,7,5,17,10,7,
2005 to 2010,220,70-74,7,4,3,10,5,5,
2005 to 2010,220,75-79,4,2,2,9,4,5,
2005 to 2010,220,80-84,8,3,5,4,3,1,
2005 to 2010,220,85-89,5,1,4,2,0,2,
2005 to 2010,220,90+,3,1,2,2,1,1,
2005 to 2010,230,Total,100,52,48,93,45,48,
2005 to 2010,230,0-4,6,3,3,6,3,3,
2005 to 2010,230,5-9,4,2,2,5,1,4,
2005 to 2010,230,10-14,4,3,1,4,2,2,
2005 to 2010,230,15-19,5,3,2,6,3,3,
2005 to 2010,230,20-24,7,3,4,6,3,3,
2005 to 2010,230,25-29,20,10,10,10,5,5,
2005 to 2010,230,30-34,12,6,6,9,5,4,
2005 to 2010,230,35-39,10,6,4,11,6,5,
2005 to 2010,230,40-44,8,4,4,5,2,3,
2005 to 2010,230,45-49,7,3,4,8,4,4,
2005 to 2010,230,50-54,7,4,3,8,4,4,
2005 to 2010,230,55-59,5,3,2,5,2,3,
2005 to 2010,230,60-64,4,2,2,3,2,1,
2005 to 2010,230,65-69,1,0,1,4,2,2,
2005 to 2010,230,70-74,0,0,0,1,1,0,
2005 to 2010,230,75-79,0,0,0,1,0,1,
2005 to 2010,230,80-84,0,0,0,1,0,1,
2005 to 2010,230,85-89,0,0,0,0,0,0,
2005 to 2010,230,90+,0,0,0,0,0,0,
2005 to 2010,240,Total,776,426,350,688,370,318,
2005 to 2010,240,0-4,95,48,47,62,32,30,
2005 to 2010,240,5-9,70,37,33,54,28,26,
2005 to 2010,240,10-14,53,28,25,48,22,26,
2005 to 2010,240,15-19,50,25,25,66,33,33,
2005 to 2010,240,20-24,80,41,39,87,44,43,
2005 to 2010,240,25-29,82,45,37,60,33,27,
2005 to 2010,240,30-34,65,37,28,49,29,20,
2005 to 2010,240,35-39,52,30,22,48,26,22,
2005 to 2010,240,40-44,49,29,20,42,26,16,
2005 to 2010,240,45-49,54,34,20,46,27,19,
2005 to 2010,240,50-54,43,26,17,37,22,15,
2005 to 2010,240,55-59,31,19,12,30,17,13,
2005 to 2010,240,60-64,25,14,11,22,11,11,
2005 to 2010,240,65-69,11,6,5,16,10,6,
2005 to 2010,240,70-74,7,4,3,7,4,3,
2005 to 2010,240,75-79,5,2,3,7,3,4,
2005 to 2010,240,80-84,2,1,1,3,1,2,
2005 to 2010,240,85-89,1,0,1,2,1,1,
2005 to 2010,240,90+,1,0,1,2,1,1,
2005 to 2010,275,Total,182,103,79,168,93,75,
2005 to 2010,275,0-4,14,6,8,11,7,4,
2005 to 2010,275,5-9,9,5,4,7,4,3,
2005 to 2010,275,10-14,8,5,3,8,4,4,
2005 to 2010,275,15-19,14,7,7,17,9,8,
2005 to 2010,275,20-24,21,14,7,27,15,12,
2005 to 2010,275,25-29,20,12,8,17,10,7,
2005 to 2010,275,30-34,14,7,7,10,6,4,
2005 to 2010,275,35-39,10,5,5,8,4,4,
2005 to 2010,275,40-44,11,7,4,8,4,4,
2005 to 2010,275,45-49,12,6,6,10,5,5,
2005 to 2010,275,50-54,11,7,4,9,5,4,
2005 to 2010,275,55-59,13,8,5,11,6,5,
2005 to 2010,275,60-64,10,5,5,8,4,4,
2005 to 2010,275,65-69,5,3,2,5,3,2,
2005 to 2010,275,70-74,4,3,1,6,4,2,
2005 to 2010,275,75-79,3,1,2,3,2,1,
2005 to 2010,275,80-84,1,1,0,2,1,1,
2005 to 2010,275,85-89,2,1,1,1,0,1,
2005 to 2010,275,90+,0,0,0,0,0,0,
2005 to 2010,282,Total,71,41,30,80,44,36,
2005 to 2010,282,0-4,8,4,4,9,6,3,
2005 to 2010,282,5-9,5,2,3,2,1,1,
2005 to 2010,282,10-14,3,2,1,4,2,2,
2005 to 2010,282,15-19,5,3,2,11,6,5,
2005 to 2010,282,20-24,8,5,3,13,7,6,
2005 to 2010,282,25-29,8,5,3,5,3,2,
2005 to 2010,282,30-34,5,2,3,6,3,3,
2005 to 2010,282,35-39,7,3,4,8,3,5,
2005 to 2010,282,40-44,4,3,1,4,2,2,
2005 to 2010,282,45-49,4,3,1,4,3,1,
2005 to 2010,282,50-54,4,3,1,5,3,2,
2005 to 2010,282,55-59,5,3,2,5,3,2,
2005 to 2010,282,60-64,3,2,1,2,1,1,
2005 to 2010,282,65-69,0,0,0,0,0,0,
2005 to 2010,282,70-74,1,1,0,1,1,0,
2005 to 2010,282,75-79,1,0,1,1,0,1,
2005 to 2010,282,80-84,0,0,0,0,0,0,
2005 to 2010,282,85-89,0,0,0,0,0,0,
2005 to 2010,282,90+,0,0,0,0,0,0,
2005 to 2010,290,Total,577,328,249,704,391,313,
2005 to 2010,290,0-4,56,32,24,55,28,27,
2005 to 2010,290,5-9,42,20,22,53,29,24,
2005 to 2010,290,10-14,36,20,16,39,21,18,
2005 to 2010,290,15-19,41,22,19,72,38,34,
2005 to 2010,290,20-24,56,29,27,93,47,46,
2005 to 2010,290,25-29,62,37,25,68,41,27,
2005 to 2010,290,30-34,51,30,21,55,34,21,
2005 to 2010,290,35-39,36,22,14,45,26,19,
2005 to 2010,290,40-44,40,24,16,43,23,20,
2005 to 2010,290,45-49,44,27,17,48,31,17,
2005 to 2010,290,50-54,35,20,15,40,20,20,
2005 to 2010,290,55-59,34,19,15,35,18,17,
2005 to 2010,290,60-64,20,12,8,25,16,9,
2005 to 2010,290,65-69,9,6,3,14,8,6,
2005 to 2010,290,70-74,4,2,2,5,3,2,
2005 to 2010,290,75-79,5,3,2,8,4,4,
2005 to 2010,290,80-84,2,1,1,3,2,1,
2005 to 2010,290,85-89,2,1,1,2,1,1,
2005 to 2010,290,90+,2,1,1,1,1,0,
2000 to 2005,000,Total,38341,20725,17616,37623,20455,17168,
2000 to 2005,000,0-4,3560,1825,1735,3184,1615,1569,
2000 to 2005,000,5-9,3061,1564,1497,2713,1378,1335,
2000 to 2005,000,10-14,2786,1462,1324,2523,1287,1236,
2000 to 2005,000,15-19,2545,1317,1228,2961,1533,1428,
2000 to 2005,000,20-24,4959,2708,2251,4960,2757,2203,
2000 to 2005,000,25-29,4609,2544,2065,3691,2086,1605,
2000 to 2005,000,30-34,3939,2175,1764,3352,1881,1471,
2000 to 2005,000,35-39,3346,1899,1447,3072,1772,1300,
2000 to 2005,000,40-44,2817,1614,1203,2848,1622,1226,
2000 to 2005,000,45-49,2223,1261,962,2400,1320,1080,
2000 to 2005,000,50-54,1634,911,723,1990,1101,889,
2000 to 2005,000,55-59,1074,582,492,1513,839,674,
2000 to 2005,000,60-64,655,354,301,969,533,436,
2000 to 2005,000,65-69,401,207,194,600,326,274,
2000 to 2005,000,70-74,266,134,132,328,168,160,
2000 to 2005,000,75-79,204,80,124,219,109,110,
2000 to 2005,000,80-84,148,55,93,157,68,89,
2000 to 2005,000,85-89,79,22,57,89,35,54,
2000 to 2005,000,90+,35,11,24,54,25,29,
2000 to 2005,013,Total,148,84,64,156,89,67,
2000 to 2005,013,0-4,9,3,6,10,6,4,
2000 to 2005,013,5-9,7,3,4,9,4,5,
2000 to 2005,013,10-14,12,6,6,9,5,4,
2000 to 2005,013,15-19,7,4,3,11,5,6,
2000 to 2005,013,20-24,13,8,5,12,8,4,
2000 to 2005,013,25-29,11,6,5,10,5,5,
2000 to 2005,013,30-34,14,10,4,14,9,5,
2000 to 2005,013,35-39,19,12,7,15,9,6,
2000 to 2005,013,40-44,20,11,9,22,14,8,
2000 to 2005,013,45-49,14,8,6,13,7,6,
2000 to 2005,013,50-54,10,6,4,14,7,7,
2000 to 2005,013,55-59,8,4,4,7,4,3,
2000 to 2005,013,60-64,3,2,1,6,3,3,
2000 to 2005,013,65-69,0,0,0,3,2,1,
2000 to 2005,013,70-74,0,0,0,1,1,0,
2000 to 2005,013,75-79,1,1,0,0,0,0,
2000 to 2005,013,80-84,0,0,0,0,0,0,
2000 to 2005,013,85-89,0,0,0,0,0,0,
2000 to 2005,013,90+,0,0,0,0,0,0,
2000 to 2005,016,Total,402,242,160,432,258,174,
2000 to 2005,016,0-4,25,15,10,26,11,15,
2000 to 2005,016,5-9,22,12,10,23,14,9,
2000 to 2005,016,10-14,23,12,11,25,14,11,
2000 to 2005,016,15-19,18,9,9,29,14,15,
2000 to 2005,016,20-24,31,18,13,32,17,15,
2000 to 2005,016,25-29,35,18,17,32,20,12,
2000 to 2005,016,30-34,47,27,20,39,24,15,
2000 to 2005,016,35-39,49,32,17,50,33,17,
2000 to 2005,016,40-44,48,32,16,50,30,20,
2000 to 2005,016,45-49,40,26,14,46,32,14,
2000 to 2005,016,50-54,33,22,11,32,20,12,
2000 to 2005,016,55-59,16,10,6,23,16,7,
2000 to 2005,016,60-64,10,6,4,14,7,7,
2000 to 2005,016,65-69,3,2,1,8,5,3,
2000 to 2005,016,70-74,2,1,1,0,0,0,
2000 to 2005,016,75-79,0,0,0,2,1,1,
2000 to 2005,016,80-84,0,0,0,1,0,1,
2000 to 2005,016,85-89,0,0,0,0,0,0,
2000 to 2005,016,90+,0,0,0,0,0,0,
2000 to 2005,020,Total,23943,12638,11305,21545,11467,10078,
2000 to 2005,020,0-4,2387,1234,1153,2008,1019,989,
2000 to 2005,020,5-9,1920,994,926,1681,862,819,
2000 to 2005,020,10-14,1742,895,847,1484,752,732,
2000 to 2005,020,15-19,1645,814,831,1553,813,740,
2000 to 2005,020,20-24,3034,1558,1476,2589,1367,1222,
2000 to 2005,020,25-29,2812,1511,1301,2183,1188,995,
2000 to 2005,020,30-34,2406,1323,1083,2011,1112,899,
2000 to 2005,020,35-39,2014,1103,911,1810,1020,790,
2000 to 2005,020,40-44,1811,996,815,1669,925,744,
2000 to 2005,020,45-49,1401,782,619,1382,739,643,
2000 to 2005,020,50-54,1025,562,463,1109,601,508,
2000 to 2005,020,55-59,683,362,321,814,436,378,
2000 to 2005,020,60-64,383,198,185,513,281,232,
2000 to 2005,020,65-69,243,124,119,315,166,149,
2000 to 2005,020,70-74,155,74,81,162,74,88,
2000 to 2005,020,75-79,118,49,69,114,53,61,
2000 to 2005,020,80-84,89,36,53,80,35,45,
2000 to 2005,020,85-89,49,15,34,41,15,26,
2000 to 2005,020,90+,26,8,18,27,9,18,
2000 to 2005,050,Total,1020,550,470,1177,637,540,
2000 to 2005,050,0-4,119,58,61,132,70,62,
2000 to 2005,050,5-9,89,43,46,110,57,53,
2000 to 2005,050,10-14,83,41,42,97,50,47,
2000 to 2005,050,15-19,82,43,39,108,55,53,
2000 to 2005,050,20-24,105,53,52,121,62,59,
2000 to 2005,050,25-29,108,61,47,108,57,51,
2000 to 2005,050,30-34,92,55,37,104,61,43,
2000 to 2005,050,35-39,79,46,33,92,53,39,
2000 to 2005,050,40-44,77,45,32,88,51,37,
2000 to 2005,050,45-49,63,37,26,65,36,29,
2000 to 2005,050,50-54,47,27,20,54,32,22,
2000 to 2005,050,55-59,38,22,16,43,23,20,
2000 to 2005,050,60-64,17,9,8,23,13,10,
2000 to 2005,050,65-69,6,4,2,13,7,6,
2000 to 2005,050,70-74,6,3,3,7,4,3,
2000 to 2005,050,75-79,3,1,2,5,2,3,
2000 to 2005,050,80-84,4,2,2,5,3,2,
2000 to 2005,050,85-89,1,0,1,1,0,1,
2000 to 2005,050,90+,1,0,1,1,1,0,
2000 to 2005,060,Total,110,63,47,127,69,58,
2000 to 2005,060,0-4,9,6,3,14,8,6,
2000 to 2005,060,5-9,8,4,4,10,5,5,
2000 to 2005,060,10-14,6,4,2,10,5,5,
2000 to 2005,060,15-19,8,4,4,10,5,5,
2000 to 2005,060,20-24,11,6,5,14,7,7,
2000 to 2005,060,25-29,10,4,6,8,4,4,
2000 to 2005,060,30-34,9,6,3,9,5,4,
2000 to 2005,060,35-39,11,6,5,11,6,5,
2000 to 2005,060,40-44,12,7,5,12,7,5,
2000 to 2005,060,45-49,10,5,5,10,5,5,
2000 to 2005,060,50-54,8,6,2,7,4,3,
2000 to 2005,060,55-59,4,2,2,5,3,2,
2000 to 2005,060,60-64,4,3,1,3,2,1,
2000 to 2005,060,65-69,0,0,0,3,2,1,
2000 to 2005,060,70-74,0,0,0,1,1,0,
2000 to 2005,060,75-79,0,0,0,0,0,0,
2000 to 2005,060,80-84,0,0,0,0,0,0,
2000 to 2005,060,85-89,0,0,0,0,0,0,
2000 to 2005,060,90+,0,0,0,0,0,0,
2000 to 2005,063,Total,743,400,343,778,421,357,
2000 to 2005,063,0-4,63,33,30,60,36,24,
2000 to 2005,063,5-9,59,30,29,50,25,25,
2000 to 2005,063,10-14,64,33,31,50,25,25,
2000 to 2005,063,15-19,53,28,25,61,31,30,
2000 to 2005,063,20-24,63,34,29,90,45,45,
2000 to 2005,063,25-29,73,38,35,63,33,30,
2000 to 2005,063,30-34,72,38,34,64,36,28,
2000 to 2005,063,35-39,68,37,31,62,32,30,
2000 to 2005,063,40-44,67,37,30,67,38,29,
2000 to 2005,063,45-49,59,34,25,68,40,28,
2000 to 2005,063,50-54,41,24,17,52,30,22,
2000 to 2005,063,55-59,25,15,10,33,19,14,
2000 to 2005,063,60-64,17,9,8,29,16,13,
2000 to 2005,063,65-69,7,4,3,12,6,6,
2000 to 2005,063,70-74,5,3,2,7,4,3,
2000 to 2005,063,75-79,2,1,1,5,2,3,
2000 to 2005,063,80-84,2,1,1,4,2,2,
2000 to 2005,063,85-89,2,1,1,0,0,0,
2000 to 2005,063,90+,1,0,1,1,1,0,
2000 to 2005,066,Total,403,221,182,444,248,196,
2000 to 2005,066,0-4,32,18,14,33,21,12,
2000 to 2005,066,5-9,36,20,16,28,14,14,
2000 to 2005,066,10-14,29,11,18,29,14,15,
2000 to 2005,066,15-19,29,15,14,45,24,21,
2000 to 2005,066,20-24,40,23,17,56,33,23,
2000 to 2005,066,25-29,39,18,21,31,16,15,
2000 to 2005,066,30-34,33,20,13,31,17,14,
2000 to 2005,066,35-39,32,17,15,29,16,13,
2000 to 2005,066,40-44,35,21,14,30,18,12,
2000 to 2005,066,45-49,32,18,14,35,20,15,
2000 to 2005,066,50-54,25,15,10,27,15,12,
2000 to 2005,066,55-59,18,11,7,27,15,12,
2000 to 2005,066,60-64,11,7,4,16,9,7,
2000 to 2005,066,65-69,6,4,2,11,7,4,
2000 to 2005,066,70-74,3,2,1,6,4,2,
2000 to 2005,066,75-79,2,1,1,4,2,2,
2000 to 2005,066,80-84,0,0,0,3,2,1,
2000 to 2005,066,85-89,0,0,0,2,1,1,
2000 to 2005,066,90+,1,0,1,1,0,1,
2000 to 2005,068,Total,198,115,83,236,136,100,
2000 to 2005,068,0-4,10,4,6,12,6,6,
2000 to 2005,068,5-9,11,5,6,10,4,6,
2000 to 2005,068,10-14,13,8,5,11,7,4,
2000 to 2005,068,15-19,14,8,6,23,12,11,
2000 to 2005,068,20-24,17,10,7,26,13,13,
2000 to 2005,068,25-29,21,11,10,18,10,8,
2000 to 2005,068,30-34,26,16,10,23,15,8,
2000 to 2005,068,35-39,20,11,9,20,12,8,
2000 to 2005,068,40-44,18,12,6,24,14,10,
2000 to 2005,068,45-49,18,11,7,22,14,8,
2000 to 2005,068,50-54,15,10,5,21,13,8,
2000 to 2005,068,55-59,9,5,4,12,6,6,
2000 to 2005,068,60-64,3,2,1,9,6,3,
2000 to 2005,068,65-69,2,1,1,4,3,1,
2000 to 2005,068,70-74,1,1,0,1,1,0,
2000 to 2005,068,75-79,0,0,0,0,0,0,
2000 to 2005,068,80-84,0,0,0,0,0,0,
2000 to 2005,068,85-89,0,0,0,0,0,0,
2000 to 2005,068,90+,0,0,0,0,0,0,
2000 to 2005,070,Total,363,194,169,456,247,209,
2000 to 2005,070,0-4,41,21,20,43,27,16,
2000 to 2005,070,5-9,32,17,15,37,17,20,
2000 to 2005,070,10-14,30,14,16,44,22,22,
2000 to 2005,070,15-19,27,13,14,41,21,20,
2000 to 2005,070,20-24,31,16,15,49,25,24,
2000 to 2005,070,25-29,40,22,18,40,20,20,
2000 to 2005,070,30-34,37,21,16,39,24,15,
2000 to 2005,070,35-39,33,21,12,35,20,15,
2000 to 2005,070,40-44,28,15,13,36,21,15,
2000 to 2005,070,45-49,18,9,9,27,15,12,
2000 to 2005,070,50-54,21,11,10,29,13,16,
2000 to 2005,070,55-59,11,6,5,16,11,5,
2000 to 2005,070,60-64,8,5,3,9,5,4,
2000 to 2005,070,65-69,2,1,1,6,4,2,
2000 to 2005,070,70-74,1,1,0,3,2,1,
2000 to 2005,070,75-79,1,0,1,2,1,1,
2000 to 2005,070,80-84,2,1,1,0,-1,1,
2000 to 2005,070,85-89,0,0,0,0,0,0,
2000 to 2005,070,90+,0,0,0,0,0,0,
2000 to 2005,090,Total,9028,4768,4260,8773,4646,4127,
2000 to 2005,090,0-4,1106,565,541,976,497,479,
2000 to 2005,090,5-9,847,423,424,810,407,403,
2000 to 2005,090,10-14,665,332,333,689,347,342,
2000 to 2005,090,15-19,531,276,255,605,314,291,
2000 to 2005,090,20-24,1256,668,588,1114,597,517,
2000 to 2005,090,25-29,1228,646,582,1054,559,495,
2000 to 2005,090,30-34,978,533,445,923,494,429,
2000 to 2005,090,35-39,738,406,332,728,407,321,
2000 to 2005,090,40-44,552,304,248,567,307,260,
2000 to 2005,090,45-49,385,219,166,400,219,181,
2000 to 2005,090,50-54,281,156,125,321,176,145,
2000 to 2005,090,55-59,186,101,85,232,127,105,
2000 to 2005,090,60-64,104,59,45,147,81,66,
2000 to 2005,090,65-69,64,36,28,88,52,36,
2000 to 2005,090,70-74,38,18,20,51,28,23,
2000 to 2005,090,75-79,25,10,15,22,13,9,
2000 to 2005,090,80-84,25,10,15,23,10,13,
2000 to 2005,090,85-89,12,3,9,15,5,10,
2000 to 2005,090,90+,7,3,4,8,6,2,
2000 to 2005,100,Total,225,124,101,244,130,114,
2000 to 2005,100,0-4,21,12,9,14,8,6,
2000 to 2005,100,5-9,13,7,6,14,7,7,
2000 to 2005,100,10-14,13,7,6,14,7,7,
2000 to 2005,100,15-19,11,7,4,23,14,9,
2000 to 2005,100,20-24,19,8,11,33,17,16,
2000 to 2005,100,25-29,23,11,12,25,12,13,
2000 to 2005,100,30-34,19,11,8,15,8,7,
2000 to 2005,100,35-39,20,10,10,16,8,8,
2000 to 2005,100,40-44,18,12,6,18,10,8,
2000 to 2005,100,45-49,19,11,8,19,11,8,
2000 to 2005,100,50-54,18,10,8,17,9,8,
2000 to 2005,100,55-59,13,7,6,14,7,7,
2000 to 2005,100,60-64,8,5,3,7,4,3,
2000 to 2005,100,65-69,4,3,1,5,3,2,
2000 to 2005,100,70-74,3,2,1,4,2,2,
2000 to 2005,100,75-79,2,1,1,3,2,1,
2000 to 2005,100,80-84,0,0,0,2,1,1,
2000 to 2005,100,85-89,1,0,1,1,0,1,
2000 to 2005,100,90+,0,0,0,0,0,0,
2000 to 2005,105,Total,234,132,102,307,172,135,
2000 to 2005,105,0-4,14,8,6,20,9,11,
2000 to 2005,105,5-9,15,6,9,17,7,10,
2000 to 2005,105,10-14,12,6,6,18,9,9,
2000 to 2005,105,15-19,19,10,9,27,15,12,
2000 to 2005,105,20-24,24,12,12,41,21,20,
2000 to 2005,105,25-29,20,11,9,19,11,8,
2000 to 2005,105,30-34,17,11,6,22,14,8,
2000 to 2005,105,35-39,18,11,7,22,14,8,
2000 to 2005,105,40-44,23,13,10,25,14,11,
2000 to 2005,105,45-49,25,15,10,29,18,11,
2000 to 2005,105,50-54,21,13,8,23,14,9,
2000 to 2005,105,55-59,13,9,4,18,10,8,
2000 to 2005,105,60-64,6,3,3,12,7,5,
2000 to 2005,105,65-69,3,2,1,6,4,2,
2000 to 2005,105,70-74,3,2,1,4,3,1,
2000 to 2005,105,75-79,1,0,1,2,1,1,
2000 to 2005,105,80-84,0,0,0,2,1,1,
2000 to 2005,105,85-89,0,0,0,0,0,0,
2000 to 2005,105,90+,0,0,0,0,0,0,
2000 to 2005,110,Total,2671,1407,1264,2794,1482,1312,
2000 to 2005,110,0-4,211,104,107,217,116,101,
2000 to 2005,110,5-9,182,93,89,174,86,88,
2000 to 2005,110,10-14,176,95,81,167,85,82,
2000 to 2005,110,15-19,174,92,82,209,107,102,
2000 to 2005,110,20-24,351,180,171,384,201,183,
2000 to 2005,110,25-29,310,164,146,279,149,130,
2000 to 2005,110,30-34,273,145,128,232,125,107,
2000 to 2005,110,35-39,230,130,100,219,126,93,
2000 to 2005,110,40-44,206,115,91,207,111,96,
2000 to 2005,110,45-49,186,100,86,202,109,93,
2000 to 2005,110,50-54,144,77,67,173,92,81,
2000 to 2005,110,55-59,95,49,46,146,77,69,
2000 to 2005,110,60-64,54,28,26,78,46,32,
2000 to 2005,110,65-69,30,15,15,43,22,21,
2000 to 2005,110,70-74,17,7,10,22,10,12,
2000 to 2005,110,75-79,13,6,7,17,9,8,
2000 to 2005,110,80-84,10,4,6,14,7,7,
2000 to 2005,110,85-89,6,2,4,6,1,5,
2000 to 2005,110,90+,3,1,2,5,3,2,
2000 to 2005,122,Total,4303,2305,1998,4251,2298,1953,
2000 to 2005,122,0-4,380,195,185,305,149,156,
2000 to 2005,122,5-9,302,152,150,264,137,127,
2000 to 2005,122,10-14,294,147,147,257,133,124,
2000 to 2005,122,15-19,283,153,130,401,193,208,
2000 to 2005,122,20-24,453,250,203,661,366,295,
2000 to 2005,122,25-29,428,234,194,371,216,155,
2000 to 2005,122,30-34,375,207,168,317,182,135,
2000 to 2005,122,35-39,330,182,148,274,161,113,
2000 to 2005,122,40-44,346,193,153,307,171,136,
2000 to 2005,122,45-49,300,163,137,299,159,140,
2000 to 2005,122,50-54,262,139,123,263,148,115,
2000 to 2005,122,55-59,197,110,87,201,112,89,
2000 to 2005,122,60-64,145,77,68,121,65,56,
2000 to 2005,122,65-69,79,44,35,71,37,34,
2000 to 2005,122,70-74,54,30,24,56,32,24,
2000 to 2005,122,75-79,31,16,15,38,19,19,
2000 to 2005,122,80-84,24,8,16,25,10,15,
2000 to 2005,122,85-89,13,4,9,15,6,9,
2000 to 2005,122,90+,7,1,6,5,2,3,
2000 to 2005,130,Total,1161,635,526,1380,741,639,
2000 to 2005,130,0-4,105,58,47,110,54,56,
2000 to 2005,130,5-9,82,40,42,92,46,46,
2000 to 2005,130,10-14,71,39,32,86,45,41,
2000 to 2005,130,15-19,85,44,41,112,55,57,
2000 to 2005,130,20-24,132,65,67,184,95,89,
2000 to 2005,130,25-29,123,69,54,117,64,53,
2000 to 2005,130,30-34,100,58,42,98,57,41,
2000 to 2005,130,35-39,97,54,43,114,63,51,
2000 to 2005,130,40-44,102,62,40,116,67,49,
2000 to 2005,130,45-49,83,49,34,108,60,48,
2000 to 2005,130,50-54,63,35,28,79,43,36,
2000 to 2005,130,55-59,45,25,20,62,37,25,
2000 to 2005,130,60-64,29,16,13,39,22,17,
2000 to 2005,130,65-69,15,9,6,25,14,11,
2000 to 2005,130,70-74,10,5,5,12,7,5,
2000 to 2005,130,75-79,6,2,4,11,5,6,
2000 to 2005,130,80-84,6,3,3,6,3,3,
2000 to 2005,130,85-89,5,1,4,6,2,4,
2000 to 2005,130,90+,2,1,1,3,2,1,
2000 to 2005,150,Total,1268,677,591,1503,801,702,
2000 to 2005,150,0-4,137,72,65,150,70,80,
2000 to 2005,150,5-9,123,60,63,120,60,60,
2000 to 2005,150,10-14,96,51,45,122,61,61,
2000 to 2005,150,15-19,84,43,41,131,63,68,
2000 to 2005,150,20-24,130,68,62,170,88,82,
2000 to 2005,150,25-29,132,65,67,126,69,57,
2000 to 2005,150,30-34,129,70,59,120,68,52,
2000 to 2005,150,35-39,119,67,52,146,83,63,
2000 to 2005,150,40-44,101,59,42,131,75,56,
2000 to 2005,150,45-49,80,45,35,93,54,39,
2000 to 2005,150,50-54,52,28,24,68,39,29,
2000 to 2005,150,55-59,37,24,13,47,29,18,
2000 to 2005,150,60-64,21,14,7,31,18,13,
2000 to 2005,150,65-69,13,7,6,20,9,11,
2000 to 2005,150,70-74,7,3,4,14,8,6,
2000 to 2005,150,75-79,3,1,2,8,5,3,
2000 to 2005,150,80-84,1,0,1,4,1,3,
2000 to 2005,150,85-89,2,0,2,2,1,1,
2000 to 2005,150,90+,1,0,1,0,0,0,
2000 to 2005,158,Total,432,243,189,557,299,258,
2000 to 2005,158,0-4,67,39,28,85,46,39,
2000 to 2005,158,5-9,43,23,20,57,30,27,
2000 to 2005,158,10-14,38,21,17,45,22,23,
2000 to 2005,158,15-19,33,18,15,53,27,26,
2000 to 2005,158,20-24,46,25,21,71,35,36,
2000 to 2005,158,25-29,54,29,25,54,30,24,
2000 to 2005,158,30-34,34,21,13,46,27,19,
2000 to 2005,158,35-39,28,17,11,32,17,15,
2000 to 2005,158,40-44,22,13,9,30,17,13,
2000 to 2005,158,45-49,19,10,9,23,14,9,
2000 to 2005,158,50-54,17,9,8,18,9,9,
2000 to 2005,158,55-59,13,8,5,19,10,9,
2000 to 2005,158,60-64,7,4,3,10,6,4,
2000 to 2005,158,65-69,4,3,1,5,4,1,
2000 to 2005,158,70-74,3,1,2,1,0,1,
2000 to 2005,158,75-79,2,1,1,2,2,0,
2000 to 2005,158,80-84,2,1,1,4,2,2,
2000 to 2005,158,85-89,0,0,0,1,1,0,
2000 to 2005,158,90+,0,0,0,1,0,1,
2000 to 2005,164,Total,169,93,76,208,109,99,
2000 to 2005,164,0-4,15,8,7,17,6,11,
2000 to 2005,164,5-9,14,7,7,21,11,10,
2000 to 2005,164,10-14,12,6,6,15,8,7,
2000 to 2005,164,15-19,13,8,5,20,9,11,
2000 to 2005,164,20-24,18,10,8,24,12,12,
2000 to 2005,164,25-29,17,9,8,16,10,6,
2000 to 2005,164,30-34,14,7,7,13,7,6,
2000 to 2005,164,35-39,12,7,5,13,7,6,
2000 to 2005,164,40-44,13,9,4,18,11,7,
2000 to 2005,164,45-49,14,8,6,16,9,7,
2000 to 2005,164,50-54,13,7,6,12,6,6,
2000 to 2005,164,55-59,7,4,3,8,4,4,
2000 to 2005,164,60-64,3,1,2,5,3,2,
2000 to 2005,164,65-69,1,1,0,3,2,1,
2000 to 2005,164,70-74,1,1,0,1,1,0,
2000 to 2005,164,75-79,1,0,1,3,1,2,
2000 to 2005,164,80-84,0,0,0,1,1,0,
2000 to 2005,164,85-89,1,0,1,1,0,1,
2000 to 2005,164,90+,0,0,0,1,1,0,
2000 to 2005,170,Total,7900,4202,3698,5503,2951,2552,
2000 to 2005,170,0-4,822,432,390,443,221,222,
2000 to 2005,170,5-9,708,369,339,381,193,188,
2000 to 2005,170,10-14,655,335,320,377,195,182,
2000 to 2005,170,15-19,547,290,257,549,282,267,
2000 to 2005,170,20-24,735,372,363,835,441,394,
2000 to 2005,170,25-29,737,388,349,462,253,209,
2000 to 2005,170,30-34,722,392,330,415,236,179,
2000 to 2005,170,35-39,658,365,293,386,211,175,
2000 to 2005,170,40-44,645,366,279,428,242,186,
2000 to 2005,170,45-49,517,287,230,383,217,166,
2000 to 2005,170,50-54,392,215,177,299,165,134,
2000 to 2005,170,55-59,274,144,130,203,110,93,
2000 to 2005,170,60-64,179,100,79,130,74,56,
2000 to 2005,170,65-69,113,60,53,87,48,39,
2000 to 2005,170,70-74,71,34,37,48,25,23,
2000 to 2005,170,75-79,61,30,31,34,16,18,
2000 to 2005,170,80-84,37,14,23,25,14,11,
2000 to 2005,170,85-89,18,5,13,12,5,7,
2000 to 2005,170,90+,9,4,5,6,3,3,
2000 to 2005,180,Total,627,333,294,725,394,331,
2000 to 2005,180,0-4,67,27,40,73,39,34,
2000 to 2005,180,5-9,48,27,21,52,27,25,
2000 to 2005,180,10-14,46,22,24,51,27,24,
2000 to 2005,180,15-19,46,26,20,76,40,36,
2000 to 2005,180,20-24,67,35,32,85,47,38,
2000 to 2005,180,25-29,73,38,35,66,34,32,
2000 to 2005,180,30-34,55,32,23,54,31,23,
2000 to 2005,180,35-39,50,28,22,57,33,24,
2000 to 2005,180,40-44,45,25,20,51,28,23,
2000 to 2005,180,45-49,45,25,20,49,30,19,
2000 to 2005,180,50-54,37,22,15,39,21,18,
2000 to 2005,180,55-59,22,13,9,28,16,12,
2000 to 2005,180,60-64,13,7,6,16,8,8,
2000 to 2005,180,65-69,5,3,2,7,4,3,
2000 to 2005,180,70-74,4,2,2,6,3,3,
2000 to 2005,180,75-79,2,1,1,4,2,2,
2000 to 2005,180,80-84,1,0,1,6,2,4,
2000 to 2005,180,85-89,0,0,0,3,1,2,
2000 to 2005,180,90+,1,0,1,2,1,1,
2000 to 2005,185,Total,499,285,214,723,408,315,
2000 to 2005,185,0-4,61,38,23,69,42,27,
2000 to 2005,185,5-9,27,13,14,52,27,25,
2000 to 2005,185,10-14,30,14,16,55,29,26,
2000 to 2005,185,15-19,42,25,17,72,37,35,
2000 to 2005,185,20-24,54,28,26,76,40,36,
2000 to 2005,185,25-29,52,30,22,60,33,27,
2000 to 2005,185,30-34,38,22,16,52,32,20,
2000 to 2005,185,35-39,40,26,14,57,35,22,
2000 to 2005,185,40-44,39,23,16,60,37,23,
2000 to 2005,185,45-49,37,24,13,55,33,22,
2000 to 2005,185,50-54,32,17,15,42,25,17,
2000 to 2005,185,55-59,22,12,10,34,18,16,
2000 to 2005,185,60-64,14,8,6,23,13,10,
2000 to 2005,185,65-69,6,3,3,7,4,3,
2000 to 2005,185,70-74,2,1,1,3,1,2,
2000 to 2005,185,75-79,1,0,1,3,1,2,
2000 to 2005,185,80-84,2,1,1,2,1,1,
2000 to 2005,185,85-89,0,0,0,0,0,0,
2000 to 2005,185,90+,0,0,0,1,0,1,
2000 to 2005,188,Total,559,306,253,643,344,299,
2000 to 2005,188,0-4,64,29,35,73,37,36,
2000 to 2005,188,5-9,48,24,24,57,26,31,
2000 to 2005,188,10-14,44,20,24,55,27,28,
2000 to 2005,188,15-19,46,26,20,55,27,28,
2000 to 2005,188,20-24,60,34,26,72,41,31,
2000 to 2005,188,25-29,59,34,25,62,35,27,
2000 to 2005,188,30-34,55,33,22,52,28,24,
2000 to 2005,188,35-39,44,27,17,52,30,22,
2000 to 2005,188,40-44,38,23,15,45,28,17,
2000 to 2005,188,45-49,34,21,13,39,23,16,
2000 to 2005,188,50-54,23,12,11,30,16,14,
2000 to 2005,188,55-59,19,10,9,22,12,10,
2000 to 2005,188,60-64,12,7,5,14,8,6,
2000 to 2005,188,65-69,5,3,2,5,3,2,
2000 to 2005,188,70-74,3,1,2,4,2,2,
2000 to 2005,188,75-79,2,1,1,1,-1,2,
2000 to 2005,188,80-84,2,1,1,2,1,1,
2000 to 2005,188,85-89,1,0,1,2,1,1,
2000 to 2005,188,90+,0,0,0,1,0,1,
2000 to 2005,195,Total,268,144,124,307,172,135,
2000 to 2005,195,0-4,26,15,11,22,14,8,
2000 to 2005,195,5-9,20,11,9,19,12,7,
2000 to 2005,195,10-14,21,11,10,17,9,8,
2000 to 2005,195,15-19,15,8,7,30,15,15,
2000 to 2005,195,20-24,27,13,14,42,21,21,
2000 to 2005,195,25-29,35,17,18,27,16,11,
2000 to 2005,195,30-34,24,14,10,29,15,14,
2000 to 2005,195,35-39,23,13,10,24,17,7,
2000 to 2005,195,40-44,21,11,10,21,12,9,
2000 to 2005,195,45-49,19,11,8,23,13,10,
2000 to 2005,195,50-54,12,7,5,18,10,8,
2000 to 2005,195,55-59,10,5,5,16,9,7,
2000 to 2005,195,60-64,7,4,3,10,5,5,
2000 to 2005,195,65-69,2,1,1,3,2,1,
2000 to 2005,195,70-74,1,1,0,3,2,1,
2000 to 2005,195,75-79,3,2,1,0,0,0,
2000 to 2005,195,80-84,1,0,1,2,0,2,
2000 to 2005,195,85-89,1,0,1,0,0,0,
2000 to 2005,195,90+,0,0,0,1,0,1,
2000 to 2005,198,Total,559,313,246,698,382,316,
2000 to 2005,198,0-4,46,23,23,52,26,26,
2000 to 2005,198,5-9,40,20,20,49,23,26,
2000 to 2005,198,10-14,44,24,20,47,26,21,
2000 to 2005,198,15-19,44,22,22,75,37,38,
2000 to 2005,198,20-24,63,34,29,85,48,37,
2000 to 2005,198,25-29,49,27,22,53,30,23,
2000 to 2005,198,30-34,41,24,17,48,26,22,
2000 to 2005,198,35-39,40,24,16,46,26,20,
2000 to 2005,198,40-44,48,28,20,60,33,27,
2000 to 2005,198,45-49,46,25,21,54,33,21,
2000 to 2005,198,50-54,40,23,17,47,26,21,
2000 to 2005,198,55-59,22,14,8,31,18,13,
2000 to 2005,198,60-64,18,13,5,24,15,9,
2000 to 2005,198,65-69,7,5,2,11,7,4,
2000 to 2005,198,70-74,3,2,1,5,3,2,
2000 to 2005,198,75-79,3,2,1,5,2,3,
2000 to 2005,198,80-84,4,2,2,4,3,1,
2000 to 2005,198,85-89,1,1,0,1,0,1,
2000 to 2005,198,90+,0,0,0,1,0,1,
2000 to 2005,220,Total,851,436,415,881,463,418,
2000 to 2005,220,0-4,75,37,38,72,40,32,
2000 to 2005,220,5-9,63,31,32,58,28,30,
2000 to 2005,220,10-14,49,25,24,56,27,29,
2000 to 2005,220,15-19,59,27,32,76,37,39,
2000 to 2005,220,20-24,102,48,54,111,61,50,
2000 to 2005,220,25-29,104,52,52,84,43,41,
2000 to 2005,220,30-34,79,42,37,70,37,33,
2000 to 2005,220,35-39,69,37,32,75,40,35,
2000 to 2005,220,40-44,65,36,29,66,38,28,
2000 to 2005,220,45-49,54,31,23,63,33,30,
2000 to 2005,220,50-54,48,25,23,49,23,26,
2000 to 2005,220,55-59,29,17,12,35,20,15,
2000 to 2005,220,60-64,17,9,8,27,15,12,
2000 to 2005,220,65-69,13,8,5,17,10,7,
2000 to 2005,220,70-74,8,4,4,11,6,5,
2000 to 2005,220,75-79,5,2,3,5,2,3,
2000 to 2005,220,80-84,7,3,4,2,1,1,
2000 to 2005,220,85-89,3,1,2,2,1,1,
2000 to 2005,220,90+,2,1,1,2,1,1,
2000 to 2005,230,Total,86,44,42,94,50,44,
2000 to 2005,230,0-4,2,1,1,5,3,2,
2000 to 2005,230,5-9,3,1,2,5,2,3,
2000 to 2005,230,10-14,5,3,2,4,2,2,
2000 to 2005,230,15-19,3,1,2,6,3,3,
2000 to 2005,230,20-24,9,4,5,8,4,4,
2000 to 2005,230,25-29,17,9,8,11,6,5,
2000 to 2005,230,30-34,13,8,5,13,7,6,
2000 to 2005,230,35-39,6,3,3,7,4,3,
2000 to 2005,230,40-44,5,2,3,8,4,4,
2000 to 2005,230,45-49,7,3,4,6,3,3,
2000 to 2005,230,50-54,7,5,2,6,4,2,
2000 to 2005,230,55-59,4,2,2,6,3,3,
2000 to 2005,230,60-64,2,1,1,2,1,1,
2000 to 2005,230,65-69,2,1,1,3,2,1,
2000 to 2005,230,70-74,1,0,1,2,1,1,
2000 to 2005,230,75-79,0,0,0,0,0,0,
2000 to 2005,230,80-84,0,0,0,1,1,0,
2000 to 2005,230,85-89,0,0,0,1,0,1,
2000 to 2005,230,90+,0,0,0,0,0,0,
2000 to 2005,240,Total,668,368,300,696,376,320,
2000 to 2005,240,0-4,67,33,34,64,31,33,
2000 to 2005,240,5-9,62,29,33,53,29,24,
2000 to 2005,240,10-14,61,35,26,46,22,24,
2000 to 2005,240,15-19,51,29,22,68,37,31,
2000 to 2005,240,20-24,65,36,29,103,56,47,
2000 to 2005,240,25-29,53,28,25,59,33,26,
2000 to 2005,240,30-34,51,27,24,47,27,20,
2000 to 2005,240,35-39,55,32,23,37,21,16,
2000 to 2005,240,40-44,49,29,20,48,27,21,
2000 to 2005,240,45-49,52,29,23,51,27,24,
2000 to 2005,240,50-54,35,21,14,41,21,20,
2000 to 2005,240,55-59,27,16,11,30,18,12,
2000 to 2005,240,60-64,18,11,7,21,12,9,
2000 to 2005,240,65-69,9,7,2,13,8,5,
2000 to 2005,240,70-74,5,3,2,5,3,2,
2000 to 2005,240,75-79,5,2,3,7,4,3,
2000 to 2005,240,80-84,2,1,1,2,0,2,
2000 to 2005,240,85-89,0,0,0,1,0,1,
2000 to 2005,240,90+,1,0,1,0,0,0,
2000 to 2005,275,Total,173,97,76,217,118,99,
2000 to 2005,275,0-4,16,9,7,20,11,9,
2000 to 2005,275,5-9,11,6,5,14,7,7,
2000 to 2005,275,10-14,13,7,6,16,9,7,
2000 to 2005,275,15-19,12,6,6,22,10,12,
2000 to 2005,275,20-24,16,9,7,27,15,12,
2000 to 2005,275,25-29,14,7,7,16,9,7,
2000 to 2005,275,30-34,13,7,6,13,6,7,
2000 to 2005,275,35-39,12,8,4,14,8,6,
2000 to 2005,275,40-44,14,8,6,15,8,7,
2000 to 2005,275,45-49,15,9,6,17,10,7,
2000 to 2005,275,50-54,13,7,6,13,7,6,
2000 to 2005,275,55-59,7,4,3,9,6,3,
2000 to 2005,275,60-64,7,4,3,7,4,3,
2000 to 2005,275,65-69,4,2,2,5,3,2,
2000 to 2005,275,70-74,2,2,0,3,1,2,
2000 to 2005,275,75-79,2,1,1,1,1,0,
2000 to 2005,275,80-84,2,1,1,3,2,1,
2000 to 2005,275,85-89,0,0,0,2,1,1,
2000 to 2005,275,90+,0,0,0,0,0,0,
2000 to 2005,282,Total,65,35,30,81,51,30,
2000 to 2005,282,0-4,3,1,2,3,2,1,
2000 to 2005,282,5-9,4,2,2,4,3,1,
2000 to 2005,282,10-14,5,2,3,5,3,2,
2000 to 2005,282,15-19,4,2,2,7,4,3,
2000 to 2005,282,20-24,7,5,2,9,6,3,
2000 to 2005,282,25-29,6,3,3,6,3,3,
2000 to 2005,282,30-34,7,3,4,7,4,3,
2000 to 2005,282,35-39,5,3,2,7,4,3,
2000 to 2005,282,40-44,6,4,2,6,4,2,
2000 to 2005,282,45-49,7,4,3,8,6,2,
2000 to 2005,282,50-54,5,3,2,9,5,4,
2000 to 2005,282,55-59,4,2,2,5,3,2,
2000 to 2005,282,60-64,1,1,0,2,1,1,
2000 to 2005,282,65-69,0,0,0,2,2,0,
2000 to 2005,282,70-74,1,0,1,0,0,0,
2000 to 2005,282,75-79,0,0,0,1,1,0,
2000 to 2005,282,80-84,0,0,0,0,0,0,
2000 to 2005,282,85-89,0,0,0,0,0,0,
2000 to 2005,282,90+,0,0,0,0,0,0,
2000 to 2005,290,Total,662,368,294,796,445,351,
2000 to 2005,290,0-4,68,33,35,82,43,39,
2000 to 2005,290,5-9,47,26,21,55,28,27,
2000 to 2005,290,10-14,52,26,26,55,28,27,
2000 to 2005,290,15-19,52,28,24,77,37,40,
2000 to 2005,290,20-24,66,38,28,95,53,42,
2000 to 2005,290,25-29,60,32,28,63,38,25,
2000 to 2005,290,30-34,57,32,25,50,28,22,
2000 to 2005,290,35-39,57,34,23,64,40,24,
2000 to 2005,290,40-44,50,30,20,61,34,27,
2000 to 2005,290,45-49,47,29,18,54,34,20,
2000 to 2005,290,50-54,44,23,21,49,28,21,
2000 to 2005,290,55-59,31,18,13,36,23,13,
2000 to 2005,290,60-64,11,6,5,17,10,7,
2000 to 2005,290,65-69,7,5,2,14,9,5,
2000 to 2005,290,70-74,6,4,2,8,4,4,
2000 to 2005,290,75-79,3,2,1,7,4,3,
2000 to 2005,290,80-84,1,0,1,4,1,3,
2000 to 2005,290,85-89,2,1,1,3,2,1,
2000 to 2005,290,90+,1,1,0,2,1,1,
1995 to 2000,000,Total,40353,21882,18471,42325,22847,19478,
1995 to 2000,000,0-4,4075,2085,1990,3938,2023,1915,
1995 to 2000,000,5-9,3477,1775,1702,3529,1817,1712,
1995 to 2000,000,10-14,2854,1515,1339,2986,1521,1465,
1995 to 2000,000,15-19,2383,1272,1111,3258,1706,1552,
1995 to 2000,000,20-24,4669,2534,2135,4840,2654,2186,
1995 to 2000,000,25-29,5320,2905,2415,4548,2491,2057,
1995 to 2000,000,30-34,4738,2632,2106,4266,2324,1942,
1995 to 2000,000,35-39,4073,2322,1751,4125,2337,1788,
1995 to 2000,000,40-44,2992,1707,1285,3223,1801,1422,
1995 to 2000,000,45-49,2081,1182,899,2510,1394,1116,
1995 to 2000,000,50-54,1367,773,594,1870,1016,854,
1995 to 2000,000,55-59,867,480,387,1332,738,594,
1995 to 2000,000,60-64,540,296,244,849,486,363,
1995 to 2000,000,65-69,340,175,165,445,241,204,
1995 to 2000,000,70-74,217,102,115,241,123,118,
1995 to 2000,000,75-79,168,69,99,177,92,85,
1995 to 2000,000,80-84,103,33,70,91,38,53,
1995 to 2000,000,85-89,59,17,42,50,26,24,
1995 to 2000,000,90+,30,8,22,47,19,28,
1995 to 2000,013,Total,170,99,71,103,60,43,
1995 to 2000,013,0-4,9,4,5,6,4,2,
1995 to 2000,013,5-9,10,5,5,8,3,5,
1995 to 2000,013,10-14,8,4,4,9,4,5,
1995 to 2000,013,15-19,11,7,4,8,5,3,
1995 to 2000,013,20-24,18,10,8,9,6,3,
1995 to 2000,013,25-29,17,9,8,10,6,4,
1995 to 2000,013,30-34,23,15,8,9,6,3,
1995 to 2000,013,35-39,21,13,8,12,7,5,
1995 to 2000,013,40-44,14,9,5,8,5,3,
1995 to 2000,013,45-49,17,9,8,8,5,3,
1995 to 2000,013,50-54,12,8,4,5,3,2,
1995 to 2000,013,55-59,7,4,3,4,2,2,
1995 to 2000,013,60-64,2,1,1,3,2,1,
1995 to 2000,013,65-69,1,1,0,1,1,0,
1995 to 2000,013,70-74,0,0,0,2,1,1,
1995 to 2000,013,75-79,0,0,0,1,0,1,
1995 to 2000,013,80-84,0,0,0,0,0,0,
1995 to 2000,013,85-89,0,0,0,0,0,0,
1995 to 2000,013,90+,0,0,0,0,0,0,
1995 to 2000,016,Total,525,309,216,600,347,253,
1995 to 2000,016,0-4,35,21,14,46,25,21,
1995 to 2000,016,5-9,29,17,12,41,23,18,
1995 to 2000,016,10-14,26,12,14,36,18,18,
1995 to 2000,016,15-19,26,12,14,40,18,22,
1995 to 2000,016,20-24,47,26,21,45,22,23,
1995 to 2000,016,25-29,58,35,23,57,34,23,
1995 to 2000,016,30-34,70,43,27,71,43,28,
1995 to 2000,016,35-39,68,42,26,70,44,26,
1995 to 2000,016,40-44,60,39,21,61,39,22,
1995 to 2000,016,45-49,48,28,20,54,33,21,
1995 to 2000,016,50-54,27,16,11,36,22,14,
1995 to 2000,016,55-59,19,11,8,22,12,10,
1995 to 2000,016,60-64,9,5,4,14,10,4,
1995 to 2000,016,65-69,2,1,1,6,3,3,
1995 to 2000,016,70-74,1,1,0,0,0,0,
1995 to 2000,016,75-79,0,0,0,0,0,0,
1995 to 2000,016,80-84,0,0,0,0,0,0,
1995 to 2000,016,85-89,0,0,0,1,1,0,
1995 to 2000,016,90+,0,0,0,0,0,0,
1995 to 2000,020,Total,24486,12948,11538,25958,13734,12224,
1995 to 2000,020,0-4,2532,1323,1209,2616,1333,1283,
1995 to 2000,020,5-9,2187,1114,1073,2356,1212,1144,
1995 to 2000,020,10-14,1749,894,855,1889,953,936,
1995 to 2000,020,15-19,1543,784,759,1775,920,855,
1995 to 2000,020,20-24,2631,1341,1290,2620,1358,1262,
1995 to 2000,020,25-29,3251,1729,1522,2904,1541,1363,
1995 to 2000,020,30-34,2774,1518,1256,2737,1475,1262,
1995 to 2000,020,35-39,2417,1339,1078,2597,1437,1160,
1995 to 2000,020,40-44,1856,1033,823,2001,1105,896,
1995 to 2000,020,45-49,1303,723,580,1488,818,670,
1995 to 2000,020,50-54,837,461,376,1100,587,513,
1995 to 2000,020,55-59,509,270,239,752,409,343,
1995 to 2000,020,60-64,317,168,149,489,276,213,
1995 to 2000,020,65-69,216,108,108,276,140,136,
1995 to 2000,020,70-74,136,61,75,153,80,73,
1995 to 2000,020,75-79,98,40,58,101,47,54,
1995 to 2000,020,80-84,67,23,44,50,21,29,
1995 to 2000,020,85-89,40,12,28,35,16,19,
1995 to 2000,020,90+,23,7,16,19,6,13,
1995 to 2000,050,Total,951,525,426,1118,598,520,
1995 to 2000,050,0-4,114,56,58,123,59,64,
1995 to 2000,050,5-9,90,46,44,119,60,59,
1995 to 2000,050,10-14,72,38,34,96,51,45,
1995 to 2000,050,15-19,63,33,30,93,49,44,
1995 to 2000,050,20-24,81,44,37,102,54,48,
1995 to 2000,050,25-29,104,59,45,118,64,54,
1995 to 2000,050,30-34,103,63,40,102,58,44,
1995 to 2000,050,35-39,94,54,40,94,51,43,
1995 to 2000,050,40-44,70,42,28,80,45,35,
1995 to 2000,050,45-49,58,32,26,66,36,30,
1995 to 2000,050,50-54,43,26,17,50,30,20,
1995 to 2000,050,55-59,24,13,11,33,18,15,
1995 to 2000,050,60-64,15,8,7,18,9,9,
1995 to 2000,050,65-69,7,5,2,10,8,2,
1995 to 2000,050,70-74,4,2,2,6,3,3,
1995 to 2000,050,75-79,6,2,4,3,1,2,
1995 to 2000,050,80-84,2,1,1,2,1,1,
1995 to 2000,050,85-89,1,1,0,2,1,1,
1995 to 2000,050,90+,0,0,0,1,0,1,
1995 to 2000,060,Total,171,96,75,177,95,82,
1995 to 2000,060,0-4,19,10,9,15,6,9,
1995 to 2000,060,5-9,14,7,7,17,9,8,
1995 to 2000,060,10-14,16,9,7,14,6,8,
1995 to 2000,060,15-19,9,5,4,15,9,6,
1995 to 2000,060,20-24,10,5,5,14,6,8,
1995 to 2000,060,25-29,19,10,9,14,8,6,
1995 to 2000,060,30-34,16,8,8,17,9,8,
1995 to 2000,060,35-39,23,13,10,19,10,9,
1995 to 2000,060,40-44,15,10,5,15,9,6,
1995 to 2000,060,45-49,13,8,5,15,9,6,
1995 to 2000,060,50-54,8,5,3,10,6,4,
1995 to 2000,060,55-59,6,4,2,6,4,2,
1995 to 2000,060,60-64,2,1,1,3,2,1,
1995 to 2000,060,65-69,1,1,0,2,1,1,
1995 to 2000,060,70-74,0,0,0,1,1,0,
1995 to 2000,060,75-79,0,0,0,0,0,0,
1995 to 2000,060,80-84,0,0,0,0,0,0,
1995 to 2000,060,85-89,0,0,0,0,0,0,
1995 to 2000,060,90+,0,0,0,0,0,0,
1995 to 2000,063,Total,837,466,371,991,543,448,
1995 to 2000,063,0-4,67,35,32,78,39,39,
1995 to 2000,063,5-9,64,34,30,74,38,36,
1995 to 2000,063,10-14,57,32,25,68,34,34,
1995 to 2000,063,15-19,44,23,21,74,38,36,
1995 to 2000,063,20-24,77,43,34,99,55,44,
1995 to 2000,063,25-29,90,50,40,94,50,44,
1995 to 2000,063,30-34,96,50,46,77,44,33,
1995 to 2000,063,35-39,89,51,38,102,56,46,
1995 to 2000,063,40-44,83,47,36,92,53,39,
1995 to 2000,063,45-49,63,38,25,86,48,38,
1995 to 2000,063,50-54,47,28,19,63,38,25,
1995 to 2000,063,55-59,28,17,11,42,25,17,
1995 to 2000,063,60-64,14,9,5,21,14,7,
1995 to 2000,063,65-69,7,4,3,12,7,5,
1995 to 2000,063,70-74,4,2,2,3,2,1,
1995 to 2000,063,75-79,3,1,2,2,1,1,
1995 to 2000,063,80-84,1,0,1,2,0,2,
1995 to 2000,063,85-89,2,1,1,1,1,0,
1995 to 2000,063,90+,1,1,0,1,0,1,
1995 to 2000,066,Total,475,267,208,457,249,208,
1995 to 2000,066,0-4,40,23,17,39,21,18,
1995 to 2000,066,5-9,42,22,20,36,18,18,
1995 to 2000,066,10-14,42,21,21,32,15,17,
1995 to 2000,066,15-19,37,22,15,41,22,19,
1995 to 2000,066,20-24,31,16,15,48,24,24,
1995 to 2000,066,25-29,39,20,19,34,17,17,
1995 to 2000,066,30-34,43,22,21,38,21,17,
1995 to 2000,066,35-39,41,25,16,36,21,15,
1995 to 2000,066,40-44,44,25,19,35,18,17,
1995 to 2000,066,45-49,39,24,15,35,20,15,
1995 to 2000,066,50-54,30,20,10,26,17,9,
1995 to 2000,066,55-59,20,11,9,20,13,7,
1995 to 2000,066,60-64,12,8,4,13,7,6,
1995 to 2000,066,65-69,7,4,3,10,6,4,
1995 to 2000,066,70-74,4,2,2,6,4,2,
1995 to 2000,066,75-79,3,2,1,6,4,2,
1995 to 2000,066,80-84,0,0,0,1,0,1,
1995 to 2000,066,85-89,0,0,0,0,0,0,
1995 to 2000,066,90+,1,0,1,1,1,0,
1995 to 2000,068,Total,233,129,104,244,135,109,
1995 to 2000,068,0-4,12,4,8,14,4,10,
1995 to 2000,068,5-9,14,9,5,17,11,6,
1995 to 2000,068,10-14,19,11,8,16,10,6,
1995 to 2000,068,15-19,12,5,7,20,9,11,
1995 to 2000,068,20-24,15,7,8,24,13,11,
1995 to 2000,068,25-29,28,14,14,20,10,10,
1995 to 2000,068,30-34,26,15,11,22,11,11,
1995 to 2000,068,35-39,29,16,13,24,14,10,
1995 to 2000,068,40-44,26,16,10,26,14,12,
1995 to 2000,068,45-49,21,11,10,22,13,9,
1995 to 2000,068,50-54,13,8,5,14,9,5,
1995 to 2000,068,55-59,10,7,3,11,7,4,
1995 to 2000,068,60-64,4,3,1,6,5,1,
1995 to 2000,068,65-69,3,2,1,4,3,1,
1995 to 2000,068,70-74,0,0,0,2,1,1,
1995 to 2000,068,75-79,1,1,0,2,1,1,
1995 to 2000,068,80-84,0,0,0,0,0,0,
1995 to 2000,068,85-89,0,0,0,0,0,0,
1995 to 2000,068,90+,0,0,0,0,0,0,
1995 to 2000,070,Total,379,205,174,362,196,166,
1995 to 2000,070,0-4,35,16,19,36,18,18,
1995 to 2000,070,5-9,34,19,15,34,17,17,
1995 to 2000,070,10-14,31,15,16,31,17,14,
1995 to 2000,070,15-19,23,12,11,26,13,13,
1995 to 2000,070,20-24,29,15,14,33,17,16,
1995 to 2000,070,25-29,43,23,20,35,18,17,
1995 to 2000,070,30-34,40,23,17,37,21,16,
1995 to 2000,070,35-39,39,23,16,34,21,13,
1995 to 2000,070,40-44,34,21,13,33,19,14,
1995 to 2000,070,45-49,29,15,14,24,14,10,
1995 to 2000,070,50-54,20,11,9,15,8,7,
1995 to 2000,070,55-59,12,7,5,9,5,4,
1995 to 2000,070,60-64,5,3,2,7,4,3,
1995 to 2000,070,65-69,2,1,1,3,2,1,
1995 to 2000,070,70-74,2,1,1,2,1,1,
1995 to 2000,070,75-79,0,0,0,1,0,1,
1995 to 2000,070,80-84,1,0,1,2,1,1,
1995 to 2000,070,85-89,0,0,0,0,0,0,
1995 to 2000,070,90+,0,0,0,0,0,0,
1995 to 2000,090,Total,9251,4870,4381,10083,5234,4849,
1995 to 2000,090,0-4,1147,594,553,1187,607,580,
1995 to 2000,090,5-9,933,479,454,1016,515,501,
1995 to 2000,090,10-14,715,379,336,785,410,375,
1995 to 2000,090,15-19,525,274,251,680,360,320,
1995 to 2000,090,20-24,1129,572,557,1117,555,562,
1995 to 2000,090,25-29,1298,688,610,1275,658,617,
1995 to 2000,090,30-34,1054,555,499,1095,560,535,
1995 to 2000,090,35-39,873,470,403,944,501,443,
1995 to 2000,090,40-44,564,314,250,641,342,299,
1995 to 2000,090,45-49,381,208,173,467,252,215,
1995 to 2000,090,50-54,245,139,106,325,174,151,
1995 to 2000,090,55-59,147,82,65,223,122,101,
1995 to 2000,090,60-64,83,49,34,145,81,64,
1995 to 2000,090,65-69,56,28,28,79,44,35,
1995 to 2000,090,70-74,37,17,20,43,23,20,
1995 to 2000,090,75-79,25,11,14,34,19,15,
1995 to 2000,090,80-84,22,7,15,12,5,7,
1995 to 2000,090,85-89,12,3,9,7,2,5,
1995 to 2000,090,90+,5,1,4,8,4,4,
1995 to 2000,100,Total,277,150,127,263,137,126,
1995 to 2000,100,0-4,17,8,9,20,11,9,
1995 to 2000,100,5-9,19,11,8,13,5,8,
1995 to 2000,100,10-14,23,11,12,16,8,8,
1995 to 2000,100,15-19,18,10,8,30,14,16,
1995 to 2000,100,20-24,26,14,12,35,19,16,
1995 to 2000,100,25-29,26,14,12,21,12,9,
1995 to 2000,100,30-34,30,17,13,22,11,11,
1995 to 2000,100,35-39,26,15,11,22,14,8,
1995 to 2000,100,40-44,25,14,11,23,11,12,
1995 to 2000,100,45-49,23,13,10,21,12,9,
1995 to 2000,100,50-54,18,9,9,13,7,6,
1995 to 2000,100,55-59,8,4,4,9,5,4,
1995 to 2000,100,60-64,5,2,3,4,2,2,
1995 to 2000,100,65-69,5,3,2,4,2,2,
1995 to 2000,100,70-74,4,3,1,5,3,2,
1995 to 2000,100,75-79,2,1,1,1,0,1,
1995 to 2000,100,80-84,2,1,1,3,1,2,
1995 to 2000,100,85-89,0,0,0,1,0,1,
1995 to 2000,100,90+,0,0,0,0,0,0,
1995 to 2000,105,Total,300,172,128,381,201,180,
1995 to 2000,105,0-4,20,13,7,27,12,15,
1995 to 2000,105,5-9,23,11,12,28,13,15,
1995 to 2000,105,10-14,22,12,10,29,16,13,
1995 to 2000,105,15-19,23,13,10,44,19,25,
1995 to 2000,105,20-24,23,10,13,46,22,24,
1995 to 2000,105,25-29,30,17,13,28,16,12,
1995 to 2000,105,30-34,28,16,12,28,18,10,
1995 to 2000,105,35-39,30,19,11,42,24,18,
1995 to 2000,105,40-44,26,15,11,31,18,13,
1995 to 2000,105,45-49,28,17,11,25,12,13,
1995 to 2000,105,50-54,19,11,8,26,16,10,
1995 to 2000,105,55-59,13,9,4,13,7,6,
1995 to 2000,105,60-64,6,4,2,6,3,3,
1995 to 2000,105,65-69,3,2,1,4,3,1,
1995 to 2000,105,70-74,2,1,1,1,1,0,
1995 to 2000,105,75-79,2,1,1,1,0,1,
1995 to 2000,105,80-84,2,1,1,0,0,0,
1995 to 2000,105,85-89,0,0,0,1,1,0,
1995 to 2000,105,90+,0,0,0,1,0,1,
1995 to 2000,110,Total,2829,1491,1338,2722,1437,1285,
1995 to 2000,110,0-4,228,110,118,200,97,103,
1995 to 2000,110,5-9,215,109,106,192,97,95,
1995 to 2000,110,10-14,191,102,89,188,100,88,
1995 to 2000,110,15-19,193,95,98,216,106,110,
1995 to 2000,110,20-24,306,159,147,315,169,146,
1995 to 2000,110,25-29,361,192,169,276,147,129,
1995 to 2000,110,30-34,304,167,137,245,139,106,
1995 to 2000,110,35-39,306,172,134,253,141,112,
1995 to 2000,110,40-44,229,125,104,230,123,107,
1995 to 2000,110,45-49,184,103,81,193,97,96,
1995 to 2000,110,50-54,131,68,63,157,83,74,
1995 to 2000,110,55-59,78,44,34,118,65,53,
1995 to 2000,110,60-64,37,22,15,60,34,26,
1995 to 2000,110,65-69,21,10,11,29,16,13,
1995 to 2000,110,70-74,15,5,10,14,8,6,
1995 to 2000,110,75-79,13,4,9,17,8,9,
1995 to 2000,110,80-84,9,2,7,12,3,9,
1995 to 2000,110,85-89,6,2,4,3,2,1,
1995 to 2000,110,90+,2,0,2,4,2,2,
1995 to 2000,122,Total,4615,2500,2115,4240,2311,1929,
1995 to 2000,122,0-4,389,204,185,357,186,171,
1995 to 2000,122,5-9,388,199,189,302,154,148,
1995 to 2000,122,10-14,362,185,177,293,146,147,
1995 to 2000,122,15-19,297,161,136,406,207,199,
1995 to 2000,122,20-24,404,219,185,572,318,254,
1995 to 2000,122,25-29,471,258,213,405,235,170,
1995 to 2000,122,30-34,436,245,191,334,188,146,
1995 to 2000,122,35-39,448,245,203,365,207,158,
1995 to 2000,122,40-44,410,231,179,352,196,156,
1995 to 2000,122,45-49,320,183,137,297,172,125,
1995 to 2000,122,50-54,238,129,109,210,114,96,
1995 to 2000,122,55-59,167,95,72,138,79,59,
1995 to 2000,122,60-64,108,59,49,91,51,40,
1995 to 2000,122,65-69,71,40,31,51,28,23,
1995 to 2000,122,70-74,45,25,20,29,12,17,
1995 to 2000,122,75-79,29,12,17,21,11,10,
1995 to 2000,122,80-84,20,7,13,8,2,6,
1995 to 2000,122,85-89,7,2,5,5,4,1,
1995 to 2000,122,90+,5,1,4,4,1,3,
1995 to 2000,130,Total,1401,749,652,1673,919,754,
1995 to 2000,130,0-4,130,60,70,138,75,63,
1995 to 2000,130,5-9,120,62,58,132,68,64,
1995 to 2000,130,10-14,98,46,52,118,63,55,
1995 to 2000,130,15-19,91,45,46,140,69,71,
1995 to 2000,130,20-24,133,72,61,177,98,79,
1995 to 2000,130,25-29,155,84,71,160,88,72,
1995 to 2000,130,30-34,155,86,69,150,87,63,
1995 to 2000,130,35-39,149,83,66,165,92,73,
1995 to 2000,130,40-44,124,69,55,138,76,62,
1995 to 2000,130,45-49,91,54,37,117,66,51,
1995 to 2000,130,50-54,64,38,26,86,50,36,
1995 to 2000,130,55-59,37,23,14,67,39,28,
1995 to 2000,130,60-64,21,13,8,37,24,13,
1995 to 2000,130,65-69,10,5,5,18,11,7,
1995 to 2000,130,70-74,9,4,5,14,6,8,
1995 to 2000,130,75-79,6,2,4,4,2,2,
1995 to 2000,130,80-84,5,2,3,5,2,3,
1995 to 2000,130,85-89,2,0,2,4,2,2,
1995 to 2000,130,90+,1,1,0,3,1,2,
1995 to 2000,150,Total,1631,887,744,2047,1116,931,
1995 to 2000,150,0-4,189,96,93,216,114,102,
1995 to 2000,150,5-9,159,81,78,198,100,98,
1995 to 2000,150,10-14,135,66,69,172,82,90,
1995 to 2000,150,15-19,97,54,43,154,80,74,
1995 to 2000,150,20-24,135,68,67,184,97,87,
1995 to 2000,150,25-29,177,94,83,181,96,85,
1995 to 2000,150,30-34,207,120,87,226,126,100,
1995 to 2000,150,35-39,202,116,86,253,150,103,
1995 to 2000,150,40-44,126,75,51,160,96,64,
1995 to 2000,150,45-49,78,47,31,112,69,43,
1995 to 2000,150,50-54,49,27,22,74,42,32,
1995 to 2000,150,55-59,35,19,16,42,24,18,
1995 to 2000,150,60-64,15,10,5,29,15,14,
1995 to 2000,150,65-69,12,7,5,15,9,6,
1995 to 2000,150,70-74,7,3,4,13,8,5,
1995 to 2000,150,75-79,4,1,3,9,4,5,
1995 to 2000,150,80-84,3,2,1,7,3,4,
1995 to 2000,150,85-89,1,1,0,2,1,1,
1995 to 2000,150,90+,0,0,0,0,0,0,
1995 to 2000,158,Total,357,193,164,452,235,217,
1995 to 2000,158,0-4,61,33,28,60,28,32,
1995 to 2000,158,5-9,42,20,22,55,26,29,
1995 to 2000,158,10-14,26,14,12,34,20,14,
1995 to 2000,158,15-19,23,10,13,36,13,23,
1995 to 2000,158,20-24,36,17,19,57,27,30,
1995 to 2000,158,25-29,44,23,21,50,25,25,
1995 to 2000,158,30-34,37,24,13,42,26,16,
1995 to 2000,158,35-39,25,14,11,35,20,15,
1995 to 2000,158,40-44,22,13,9,22,14,8,
1995 to 2000,158,45-49,14,9,5,17,9,8,
1995 to 2000,158,50-54,10,5,5,16,9,7,
1995 to 2000,158,55-59,8,5,3,9,7,2,
1995 to 2000,158,60-64,5,3,2,10,5,5,
1995 to 2000,158,65-69,2,1,1,4,2,2,
1995 to 2000,158,70-74,1,1,0,1,1,0,
1995 to 2000,158,75-79,1,1,0,2,1,1,
1995 to 2000,158,80-84,0,0,0,1,1,0,
1995 to 2000,158,85-89,0,0,0,1,0,1,
1995 to 2000,158,90+,0,0,0,0,1,-1,
1995 to 2000,164,Total,204,111,93,224,113,111,
1995 to 2000,164,0-4,24,15,9,29,13,16,
1995 to 2000,164,5-9,19,8,11,23,10,13,
1995 to 2000,164,10-14,15,7,8,18,8,10,
1995 to 2000,164,15-19,14,7,7,19,9,10,
1995 to 2000,164,20-24,18,9,9,20,9,11,
1995 to 2000,164,25-29,19,11,8,19,10,9,
1995 to 2000,164,30-34,18,10,8,20,11,9,
1995 to 2000,164,35-39,22,13,9,19,10,9,
1995 to 2000,164,40-44,17,9,8,22,14,8,
1995 to 2000,164,45-49,14,7,7,14,7,7,
1995 to 2000,164,50-54,11,7,4,9,6,3,
1995 to 2000,164,55-59,6,4,2,4,2,2,
1995 to 2000,164,60-64,3,3,0,4,3,1,
1995 to 2000,164,65-69,2,1,1,2,1,1,
1995 to 2000,164,70-74,1,0,1,0,0,0,
1995 to 2000,164,75-79,0,0,0,1,0,1,
1995 to 2000,164,80-84,1,0,1,1,0,1,
1995 to 2000,164,85-89,0,0,0,0,0,0,
1995 to 2000,164,90+,0,0,0,0,0,0,
1995 to 2000,170,Total,6495,3480,3015,4772,2575,2197,
1995 to 2000,170,0-4,669,326,343,399,213,186,
1995 to 2000,170,5-9,623,318,305,380,203,177,
1995 to 2000,170,10-14,565,296,269,372,183,189,
1995 to 2000,170,15-19,455,258,197,484,255,229,
1995 to 2000,170,20-24,506,259,247,628,331,297,
1995 to 2000,170,25-29,633,340,293,417,228,189,
1995 to 2000,170,30-34,644,351,293,378,212,166,
1995 to 2000,170,35-39,665,372,293,415,231,184,
1995 to 2000,170,40-44,552,316,236,394,223,171,
1995 to 2000,170,45-49,394,216,178,311,170,141,
1995 to 2000,170,50-54,269,152,117,217,118,99,
1995 to 2000,170,55-59,178,104,74,135,79,56,
1995 to 2000,170,60-64,133,71,62,91,50,41,
1995 to 2000,170,65-69,97,51,46,61,34,27,
1995 to 2000,170,70-74,48,24,24,40,20,20,
1995 to 2000,170,75-79,31,14,17,25,14,11,
1995 to 2000,170,80-84,20,8,12,16,8,8,
1995 to 2000,170,85-89,8,3,5,5,1,4,
1995 to 2000,170,90+,5,1,4,4,2,2,
1995 to 2000,180,Total,645,356,289,724,384,340,
1995 to 2000,180,0-4,73,37,36,75,39,36,
1995 to 2000,180,5-9,52,25,27,65,32,33,
1995 to 2000,180,10-14,50,27,23,54,28,26,
1995 to 2000,180,15-19,42,21,21,60,30,30,
1995 to 2000,180,20-24,59,32,27,80,39,41,
1995 to 2000,180,25-29,77,42,35,68,38,30,
1995 to 2000,180,30-34,58,34,24,60,35,25,
1995 to 2000,180,35-39,64,40,24,67,36,31,
1995 to 2000,180,40-44,54,30,24,58,32,26,
1995 to 2000,180,45-49,44,27,17,52,28,24,
1995 to 2000,180,50-54,29,16,13,33,20,13,
1995 to 2000,180,55-59,20,11,9,23,11,12,
1995 to 2000,180,60-64,8,5,3,12,8,4,
1995 to 2000,180,65-69,4,3,1,7,4,3,
1995 to 2000,180,70-74,4,2,2,3,1,2,
1995 to 2000,180,75-79,3,2,1,4,2,2,
1995 to 2000,180,80-84,2,1,1,1,0,1,
1995 to 2000,180,85-89,2,1,1,2,1,1,
1995 to 2000,180,90+,0,0,0,0,0,0,
1995 to 2000,185,Total,671,376,295,697,373,324,
1995 to 2000,185,0-4,65,35,30,59,30,29,
1995 to 2000,185,5-9,62,31,31,65,31,34,
1995 to 2000,185,10-14,47,24,23,54,25,29,
1995 to 2000,185,15-19,45,24,21,48,26,22,
1995 to 2000,185,20-24,60,36,24,61,32,29,
1995 to 2000,185,25-29,72,42,30,64,36,28,
1995 to 2000,185,30-34,72,45,27,75,45,30,
1995 to 2000,185,35-39,66,36,30,64,35,29,
1995 to 2000,185,40-44,62,37,25,59,37,22,
1995 to 2000,185,45-49,45,28,17,49,29,20,
1995 to 2000,185,50-54,35,19,16,40,20,20,
1995 to 2000,185,55-59,21,10,11,31,13,18,
1995 to 2000,185,60-64,10,5,5,14,8,6,
1995 to 2000,185,65-69,3,2,1,8,4,4,
1995 to 2000,185,70-74,2,1,1,2,1,1,
1995 to 2000,185,75-79,2,1,1,2,1,1,
1995 to 2000,185,80-84,1,0,1,1,0,1,
1995 to 2000,185,85-89,1,0,1,1,0,1,
1995 to 2000,185,90+,0,0,0,0,0,0,
1995 to 2000,188,Total,501,280,221,518,288,230,
1995 to 2000,188,0-4,58,31,27,54,26,28,
1995 to 2000,188,5-9,46,23,23,53,27,26,
1995 to 2000,188,10-14,40,23,17,39,22,17,
1995 to 2000,188,15-19,35,16,19,47,26,21,
1995 to 2000,188,20-24,47,27,20,53,30,23,
1995 to 2000,188,25-29,47,26,21,50,27,23,
1995 to 2000,188,30-34,54,35,19,50,31,19,
1995 to 2000,188,35-39,52,28,24,46,27,19,
1995 to 2000,188,40-44,39,24,15,38,22,16,
1995 to 2000,188,45-49,32,19,13,31,20,11,
1995 to 2000,188,50-54,26,15,11,21,11,10,
1995 to 2000,188,55-59,14,7,7,16,9,7,
1995 to 2000,188,60-64,4,3,1,9,4,5,
1995 to 2000,188,65-69,3,2,1,5,3,2,
1995 to 2000,188,70-74,1,0,1,1,0,1,
1995 to 2000,188,75-79,0,0,0,1,1,0,
1995 to 2000,188,80-84,2,1,1,2,1,1,
1995 to 2000,188,85-89,1,0,1,1,0,1,
1995 to 2000,188,90+,0,0,0,1,1,0,
1995 to 2000,195,Total,311,165,146,377,199,178,
1995 to 2000,195,0-4,30,13,17,34,17,17,
1995 to 2000,195,5-9,23,12,11,27,13,14,
1995 to 2000,195,10-14,23,11,12,29,15,14,
1995 to 2000,195,15-19,18,8,10,30,13,17,
1995 to 2000,195,20-24,25,14,11,48,24,24,
1995 to 2000,195,25-29,42,22,20,33,18,15,
1995 to 2000,195,30-34,36,22,14,31,18,13,
1995 to 2000,195,35-39,29,15,14,39,22,17,
1995 to 2000,195,40-44,27,15,12,29,15,14,
1995 to 2000,195,45-49,22,12,10,31,20,11,
1995 to 2000,195,50-54,16,11,5,20,11,9,
1995 to 2000,195,55-59,7,4,3,9,5,4,
1995 to 2000,195,60-64,5,3,2,6,3,3,
1995 to 2000,195,65-69,2,1,1,4,3,1,
1995 to 2000,195,70-74,2,1,1,4,1,3,
1995 to 2000,195,75-79,2,1,1,2,1,1,
1995 to 2000,195,80-84,1,0,1,1,0,1,
1995 to 2000,195,85-89,0,0,0,0,0,0,
1995 to 2000,195,90+,1,0,1,0,0,0,
1995 to 2000,198,Total,744,416,328,952,525,427,
1995 to 2000,198,0-4,71,35,36,80,41,39,
1995 to 2000,198,5-9,66,35,31,82,44,38,
1995 to 2000,198,10-14,52,28,24,73,37,36,
1995 to 2000,198,15-19,59,33,26,93,50,43,
1995 to 2000,198,20-24,60,33,27,103,57,46,
1995 to 2000,198,25-29,72,39,33,75,39,36,
1995 to 2000,198,30-34,67,37,30,84,46,38,
1995 to 2000,198,35-39,74,43,31,74,44,30,
1995 to 2000,198,40-44,67,39,28,70,43,27,
1995 to 2000,198,45-49,54,33,21,64,36,28,
1995 to 2000,198,50-54,34,21,13,54,30,24,
1995 to 2000,198,55-59,27,16,11,37,22,15,
1995 to 2000,198,60-64,19,11,8,27,17,10,
1995 to 2000,198,65-69,10,7,3,18,10,8,
1995 to 2000,198,70-74,6,4,2,9,5,4,
1995 to 2000,198,75-79,3,2,1,2,1,1,
1995 to 2000,198,80-84,1,0,1,6,3,3,
1995 to 2000,198,85-89,1,0,1,1,0,1,
1995 to 2000,198,90+,1,0,1,0,0,0,
1995 to 2000,220,Total,867,447,420,943,497,446,
1995 to 2000,220,0-4,78,34,44,89,46,43,
1995 to 2000,220,5-9,66,33,33,76,38,38,
1995 to 2000,220,10-14,55,27,28,64,32,32,
1995 to 2000,220,15-19,55,28,27,68,35,33,
1995 to 2000,220,20-24,93,43,50,110,53,57,
1995 to 2000,220,25-29,108,56,52,100,53,47,
1995 to 2000,220,30-34,93,49,44,97,52,45,
1995 to 2000,220,35-39,86,51,35,89,52,37,
1995 to 2000,220,40-44,72,39,33,71,39,32,
1995 to 2000,220,45-49,57,31,26,59,31,28,
1995 to 2000,220,50-54,34,17,17,41,22,19,
1995 to 2000,220,55-59,26,14,12,30,18,12,
1995 to 2000,220,60-64,13,9,4,18,11,7,
1995 to 2000,220,65-69,12,7,5,11,6,5,
1995 to 2000,220,70-74,7,4,3,5,2,3,
1995 to 2000,220,75-79,4,2,2,6,3,3,
1995 to 2000,220,80-84,3,1,2,3,1,2,
1995 to 2000,220,85-89,2,1,1,2,1,1,
1995 to 2000,220,90+,3,1,2,4,2,2,
1995 to 2000,230,Total,107,58,49,88,45,43,
1995 to 2000,230,0-4,6,3,3,4,2,2,
1995 to 2000,230,5-9,6,2,4,5,2,3,
1995 to 2000,230,10-14,6,4,2,5,3,2,
1995 to 2000,230,15-19,3,2,1,7,5,2,
1995 to 2000,230,20-24,12,4,8,13,6,7,
1995 to 2000,230,25-29,19,10,9,7,3,4,
1995 to 2000,230,30-34,12,7,5,8,4,4,
1995 to 2000,230,35-39,11,7,4,8,4,4,
1995 to 2000,230,40-44,8,4,4,8,3,5,
1995 to 2000,230,45-49,11,7,4,8,4,4,
1995 to 2000,230,50-54,7,4,3,5,3,2,
1995 to 2000,230,55-59,4,2,2,5,3,2,
1995 to 2000,230,60-64,2,2,0,2,2,0,
1995 to 2000,230,65-69,0,0,0,2,1,1,
1995 to 2000,230,70-74,0,0,0,0,0,0,
1995 to 2000,230,75-79,0,0,0,0,0,0,
1995 to 2000,230,80-84,0,0,0,1,0,1,
1995 to 2000,230,85-89,0,0,0,0,0,0,
1995 to 2000,230,90+,0,0,0,0,0,0,
1995 to 2000,240,Total,714,377,337,847,453,394,
1995 to 2000,240,0-4,81,42,39,67,37,30,
1995 to 2000,240,5-9,79,39,40,77,42,35,
1995 to 2000,240,10-14,67,36,31,76,39,37,
1995 to 2000,240,15-19,51,27,24,98,52,46,
1995 to 2000,240,20-24,56,28,28,100,57,43,
1995 to 2000,240,25-29,59,31,28,64,34,30,
1995 to 2000,240,30-34,67,36,31,58,29,29,
1995 to 2000,240,35-39,62,34,28,73,38,35,
1995 to 2000,240,40-44,57,31,26,64,33,31,
1995 to 2000,240,45-49,43,24,19,56,33,23,
1995 to 2000,240,50-54,33,19,14,44,24,20,
1995 to 2000,240,55-59,22,13,9,30,16,14,
1995 to 2000,240,60-64,17,10,7,17,10,7,
1995 to 2000,240,65-69,8,3,5,8,4,4,
1995 to 2000,240,70-74,4,2,2,6,1,5,
1995 to 2000,240,75-79,5,2,3,4,3,1,
1995 to 2000,240,80-84,1,0,1,2,1,1,
1995 to 2000,240,85-89,1,0,1,0,0,0,
1995 to 2000,240,90+,1,0,1,3,0,3,
1995 to 2000,275,Total,254,137,117,340,181,159,
1995 to 2000,275,0-4,24,11,13,31,15,16,
1995 to 2000,275,5-9,24,12,12,24,13,11,
1995 to 2000,275,10-14,26,13,13,29,15,14,
1995 to 2000,275,15-19,16,8,8,31,15,16,
1995 to 2000,275,20-24,21,12,9,35,19,16,
1995 to 2000,275,25-29,21,12,9,25,15,10,
1995 to 2000,275,30-34,20,10,10,29,15,14,
1995 to 2000,275,35-39,23,13,10,31,16,15,
1995 to 2000,275,40-44,20,11,9,24,14,10,
1995 to 2000,275,45-49,18,9,9,28,15,13,
1995 to 2000,275,50-54,13,9,4,17,9,8,
1995 to 2000,275,55-59,10,7,3,14,9,5,
1995 to 2000,275,60-64,7,4,3,8,4,4,
1995 to 2000,275,65-69,3,2,1,3,3,0,
1995 to 2000,275,70-74,3,2,1,6,3,3,
1995 to 2000,275,75-79,2,1,1,3,0,3,
1995 to 2000,275,80-84,2,1,1,1,0,1,
1995 to 2000,275,85-89,1,0,1,0,0,0,
1995 to 2000,275,90+,0,0,0,1,1,0,
1995 to 2000,282,Total,102,63,39,102,59,43,
1995 to 2000,282,0-4,6,2,4,7,4,3,
1995 to 2000,282,5-9,9,5,4,10,6,4,
1995 to 2000,282,10-14,7,4,3,7,3,4,
1995 to 2000,282,15-19,5,3,2,8,5,3,
1995 to 2000,282,20-24,11,7,4,10,6,4,
1995 to 2000,282,25-29,9,5,4,12,7,5,
1995 to 2000,282,30-34,11,7,4,9,5,4,
1995 to 2000,282,35-39,12,9,3,8,5,3,
1995 to 2000,282,40-44,13,8,5,12,7,5,
1995 to 2000,282,45-49,8,5,3,7,4,3,
1995 to 2000,282,50-54,5,3,2,5,3,2,
1995 to 2000,282,55-59,3,2,1,3,2,1,
1995 to 2000,282,60-64,1,1,0,1,1,0,
1995 to 2000,282,65-69,1,1,0,2,1,1,
1995 to 2000,282,70-74,1,1,0,0,0,0,
1995 to 2000,282,75-79,0,0,0,0,0,0,
1995 to 2000,282,80-84,0,0,0,0,0,0,
1995 to 2000,282,85-89,0,0,0,1,0,1,
1995 to 2000,282,90+,0,0,0,0,0,0,
1995 to 2000,290,Total,708,393,315,745,405,340,
1995 to 2000,290,0-4,69,33,36,67,36,31,
1995 to 2000,290,5-9,64,32,32,65,31,34,
1995 to 2000,290,10-14,53,26,27,58,31,27,
1995 to 2000,290,15-19,48,26,22,70,34,36,
1995 to 2000,290,20-24,57,33,24,81,44,37,
1995 to 2000,290,25-29,64,36,28,62,33,29,
1995 to 2000,290,30-34,67,39,28,63,36,27,
1995 to 2000,290,35-39,67,36,31,63,36,27,
1995 to 2000,290,40-44,60,38,22,53,32,21,
1995 to 2000,290,45-49,53,31,22,55,33,22,
1995 to 2000,290,50-54,39,23,16,39,22,17,
1995 to 2000,290,55-59,23,14,9,23,15,8,
1995 to 2000,290,60-64,17,10,7,21,11,10,
1995 to 2000,290,65-69,12,9,3,9,5,4,
1995 to 2000,290,70-74,5,3,2,7,4,3,
1995 to 2000,290,75-79,4,2,2,3,1,2,
1995 to 2000,290,80-84,3,1,2,4,1,3,
1995 to 2000,290,85-89,1,0,1,1,0,1,
1995 to 2000,290,90+,2,1,1,1,0,1,
1990 to 1995,000,Total,44967,24487,20480,44175,24203,19972,
1990 to 1995,000,0-4,4812,2491,2321,4774,2452,2322,
1990 to 1995,000,5-9,3837,2002,1835,3723,1928,1795,
1990 to 1995,000,10-14,3173,1684,1489,3030,1590,1440,
1990 to 1995,000,15-19,2786,1440,1346,3066,1596,1470,
1990 to 1995,000,20-24,5665,3028,2637,5069,2742,2327,
1990 to 1995,000,25-29,6394,3553,2841,5027,2781,2246,
1990 to 1995,000,30-34,5671,3189,2482,4982,2827,2155,
1990 to 1995,000,35-39,4400,2510,1890,4348,2503,1845,
1990 to 1995,000,40-44,3060,1783,1277,3266,1896,1370,
1990 to 1995,000,45-49,1897,1081,816,2259,1310,949,
1990 to 1995,000,50-54,1211,681,530,1625,915,710,
1990 to 1995,000,55-59,720,409,311,1179,675,504,
1990 to 1995,000,60-64,483,264,219,826,474,352,
1990 to 1995,000,65-69,347,175,172,438,242,196,
1990 to 1995,000,70-74,203,91,112,251,130,121,
1990 to 1995,000,75-79,135,52,83,160,75,85,
1990 to 1995,000,80-84,92,29,63,77,33,44,
1990 to 1995,000,85-89,54,16,38,48,24,24,
1990 to 1995,000,90+,27,9,18,27,10,17,
1990 to 1995,013,Total,222,132,90,279,166,113,
1990 to 1995,013,0-4,21,11,10,21,12,9,
1990 to 1995,013,5-9,17,8,9,22,10,12,
1990 to 1995,013,10-14,12,8,4,19,12,7,
1990 to 1995,013,15-19,12,6,6,19,9,10,
1990 to 1995,013,20-24,20,14,6,28,19,9,
1990 to 1995,013,25-29,32,19,13,31,19,12,
1990 to 1995,013,30-34,27,18,9,35,23,12,
1990 to 1995,013,35-39,23,15,8,32,19,13,
1990 to 1995,013,40-44,21,13,8,29,19,10,
1990 to 1995,013,45-49,18,9,9,16,10,6,
1990 to 1995,013,50-54,8,4,4,12,6,6,
1990 to 1995,013,55-59,7,4,3,6,3,3,
1990 to 1995,013,60-64,4,3,1,7,4,3,
1990 to 1995,013,65-69,0,0,0,2,1,1,
1990 to 1995,013,70-74,0,0,0,0,0,0,
1990 to 1995,013,75-79,0,0,0,0,0,0,
1990 to 1995,013,80-84,0,0,0,0,0,0,
1990 to 1995,013,85-89,0,0,0,0,0,0,
1990 to 1995,013,90+,0,0,0,0,0,0,
1990 to 1995,016,Total,732,435,297,1615,947,668,
1990 to 1995,016,0-4,60,34,26,137,70,67,
1990 to 1995,016,5-9,49,28,21,111,61,50,
1990 to 1995,016,10-14,41,18,23,88,41,47,
1990 to 1995,016,15-19,33,18,15,88,44,44,
1990 to 1995,016,20-24,61,31,30,100,50,50,
1990 to 1995,016,25-29,109,65,44,193,117,76,
1990 to 1995,016,30-34,105,65,40,225,143,82,
1990 to 1995,016,35-39,92,63,29,219,146,73,
1990 to 1995,016,40-44,74,45,29,163,99,64,
1990 to 1995,016,45-49,50,31,19,114,70,44,
1990 to 1995,016,50-54,31,21,10,79,47,32,
1990 to 1995,016,55-59,15,9,6,44,29,15,
1990 to 1995,016,60-64,8,5,3,27,18,9,
1990 to 1995,016,65-69,2,1,1,12,6,6,
1990 to 1995,016,70-74,1,1,0,6,3,3,
1990 to 1995,016,75-79,1,0,1,3,3,0,
1990 to 1995,016,80-84,0,0,0,6,0,6,
1990 to 1995,016,85-89,0,0,0,0,0,0,
1990 to 1995,016,90+,0,0,0,0,0,0,
1990 to 1995,020,Total,28011,14855,13156,27025,14458,12567,
1990 to 1995,020,0-4,3179,1629,1550,3060,1556,1504,
1990 to 1995,020,5-9,2502,1272,1230,2367,1214,1153,
1990 to 1995,020,10-14,1958,1030,928,1856,970,886,
1990 to 1995,020,15-19,1681,839,842,1654,864,790,
1990 to 1995,020,20-24,3232,1662,1570,2961,1548,1413,
1990 to 1995,020,25-29,3871,2083,1788,3181,1677,1504,
1990 to 1995,020,30-34,3536,1922,1614,3191,1747,1444,
1990 to 1995,020,35-39,2768,1528,1240,2694,1516,1178,
1990 to 1995,020,40-44,1958,1110,848,2009,1137,872,
1990 to 1995,020,45-49,1230,694,536,1357,767,590,
1990 to 1995,020,50-54,789,429,360,981,542,439,
1990 to 1995,020,55-59,449,257,192,696,386,310,
1990 to 1995,020,60-64,297,157,140,470,262,208,
1990 to 1995,020,65-69,212,104,108,247,134,113,
1990 to 1995,020,70-74,138,64,74,139,68,71,
1990 to 1995,020,75-79,94,36,58,92,42,50,
1990 to 1995,020,80-84,62,23,39,38,16,22,
1990 to 1995,020,85-89,36,10,26,24,10,14,
1990 to 1995,020,90+,19,6,13,8,2,6,
1990 to 1995,050,Total,1035,557,478,1077,578,499,
1990 to 1995,050,0-4,149,75,74,165,81,84,
1990 to 1995,050,5-9,97,47,50,97,49,48,
1990 to 1995,050,10-14,72,33,39,77,38,39,
1990 to 1995,050,15-19,59,29,30,66,37,29,
1990 to 1995,050,20-24,107,58,49,113,57,56,
1990 to 1995,050,25-29,138,78,60,119,63,56,
1990 to 1995,050,30-34,124,75,49,119,65,54,
1990 to 1995,050,35-39,92,54,38,96,60,36,
1990 to 1995,050,40-44,65,36,29,62,36,26,
1990 to 1995,050,45-49,45,26,19,50,31,19,
1990 to 1995,050,50-54,31,16,15,36,18,18,
1990 to 1995,050,55-59,21,11,10,24,13,11,
1990 to 1995,050,60-64,10,5,5,19,11,8,
1990 to 1995,050,65-69,8,5,3,11,7,4,
1990 to 1995,050,70-74,6,3,3,8,4,4,
1990 to 1995,050,75-79,6,3,3,8,4,4,
1990 to 1995,050,80-84,2,1,1,3,1,2,
1990 to 1995,050,85-89,2,1,1,2,2,0,
1990 to 1995,050,90+,1,1,0,2,1,1,
1990 to 1995,060,Total,179,97,82,240,127,113,
1990 to 1995,060,0-4,23,14,9,24,11,13,
1990 to 1995,060,5-9,17,9,8,18,10,8,
1990 to 1995,060,10-14,13,5,8,18,8,10,
1990 to 1995,060,15-19,10,4,6,18,10,8,
1990 to 1995,060,20-24,15,6,9,24,11,13,
1990 to 1995,060,25-29,20,10,10,22,11,11,
1990 to 1995,060,30-34,24,14,10,24,13,11,
1990 to 1995,060,35-39,17,9,8,21,11,10,
1990 to 1995,060,40-44,16,10,6,21,13,8,
1990 to 1995,060,45-49,12,8,4,18,11,7,
1990 to 1995,060,50-54,9,6,3,13,8,5,
1990 to 1995,060,55-59,2,1,1,10,5,5,
1990 to 1995,060,60-64,1,1,0,5,3,2,
1990 to 1995,060,65-69,0,0,0,4,2,2,
1990 to 1995,060,70-74,0,0,0,0,0,0,
1990 to 1995,060,75-79,0,0,0,0,0,0,
1990 to 1995,060,80-84,0,0,0,0,0,0,
1990 to 1995,060,85-89,0,0,0,0,0,0,
1990 to 1995,060,90+,0,0,0,0,0,0,
1990 to 1995,063,Total,1072,594,478,1097,611,486,
1990 to 1995,063,0-4,91,48,43,91,52,39,
1990 to 1995,063,5-9,85,45,40,78,44,34,
1990 to 1995,063,10-14,76,38,38,71,34,37,
1990 to 1995,063,15-19,68,35,33,87,42,45,
1990 to 1995,063,20-24,99,50,49,110,60,50,
1990 to 1995,063,25-29,122,69,53,113,64,49,
1990 to 1995,063,30-34,133,74,59,120,71,49,
1990 to 1995,063,35-39,129,77,52,128,74,54,
1990 to 1995,063,40-44,97,57,40,95,55,40,
1990 to 1995,063,45-49,74,45,29,66,38,28,
1990 to 1995,063,50-54,44,26,18,49,29,20,
1990 to 1995,063,55-59,25,14,11,38,19,19,
1990 to 1995,063,60-64,12,8,4,23,14,9,
1990 to 1995,063,65-69,7,4,3,12,8,4,
1990 to 1995,063,70-74,4,1,3,9,5,4,
1990 to 1995,063,75-79,2,1,1,5,1,4,
1990 to 1995,063,80-84,2,1,1,2,1,1,
1990 to 1995,063,85-89,2,1,1,0,0,0,
1990 to 1995,063,90+,0,0,0,0,0,0,
1990 to 1995,066,Total,471,258,213,453,252,201,
1990 to 1995,066,0-4,56,31,25,39,12,27,
1990 to 1995,066,5-9,46,23,23,41,22,19,
1990 to 1995,066,10-14,28,15,13,30,18,12,
1990 to 1995,066,15-19,26,10,16,36,19,17,
1990 to 1995,066,20-24,43,23,20,56,32,24,
1990 to 1995,066,25-29,52,28,24,45,26,19,
1990 to 1995,066,30-34,47,26,21,41,26,15,
1990 to 1995,066,35-39,40,24,16,42,24,18,
1990 to 1995,066,40-44,40,25,15,33,18,15,
1990 to 1995,066,45-49,35,20,15,31,19,12,
1990 to 1995,066,50-54,17,9,8,22,12,10,
1990 to 1995,066,55-59,15,10,5,14,9,5,
1990 to 1995,066,60-64,9,6,3,7,6,1,
1990 to 1995,066,65-69,7,4,3,5,4,1,
1990 to 1995,066,70-74,6,3,3,7,3,4,
1990 to 1995,066,75-79,1,0,1,2,1,1,
1990 to 1995,066,80-84,1,1,0,1,0,1,
1990 to 1995,066,85-89,1,0,1,1,1,0,
1990 to 1995,066,90+,1,0,1,0,0,0,
1990 to 1995,068,Total,259,152,107,262,146,116,
1990 to 1995,068,0-4,17,11,6,19,9,10,
1990 to 1995,068,5-9,18,10,8,19,10,9,
1990 to 1995,068,10-14,23,13,10,20,10,10,
1990 to 1995,068,15-19,18,10,8,20,9,11,
1990 to 1995,068,20-24,22,13,9,31,17,14,
1990 to 1995,068,25-29,29,15,14,23,14,9,
1990 to 1995,068,30-34,32,16,16,24,12,12,
1990 to 1995,068,35-39,31,18,13,26,14,12,
1990 to 1995,068,40-44,30,19,11,19,12,7,
1990 to 1995,068,45-49,16,10,6,20,11,9,
1990 to 1995,068,50-54,12,8,4,15,9,6,
1990 to 1995,068,55-59,6,5,1,15,10,5,
1990 to 1995,068,60-64,3,3,0,9,7,2,
1990 to 1995,068,65-69,1,0,1,1,1,0,
1990 to 1995,068,70-74,1,1,0,1,1,0,
1990 to 1995,068,75-79,0,0,0,0,0,0,
1990 to 1995,068,80-84,0,0,0,0,0,0,
1990 to 1995,068,85-89,0,0,0,0,0,0,
1990 to 1995,068,90+,0,0,0,0,0,0,
1990 to 1995,070,Total,452,246,206,479,257,222,
1990 to 1995,070,0-4,54,30,24,68,34,34,
1990 to 1995,070,5-9,43,19,24,52,24,28,
1990 to 1995,070,10-14,29,16,13,34,18,16,
1990 to 1995,070,15-19,28,15,13,31,18,13,
1990 to 1995,070,20-24,46,23,23,45,23,22,
1990 to 1995,070,25-29,62,31,31,52,29,23,
1990 to 1995,070,30-34,59,33,26,61,33,28,
1990 to 1995,070,35-39,46,31,15,43,25,18,
1990 to 1995,070,40-44,33,19,14,30,17,13,
1990 to 1995,070,45-49,20,11,9,24,16,8,
1990 to 1995,070,50-54,14,8,6,13,7,6,
1990 to 1995,070,55-59,10,5,5,11,5,6,
1990 to 1995,070,60-64,4,3,1,7,5,2,
1990 to 1995,070,65-69,2,1,1,3,1,2,
1990 to 1995,070,70-74,0,0,0,1,0,1,
1990 to 1995,070,75-79,1,1,0,1,1,0,
1990 to 1995,070,80-84,0,0,0,2,1,1,
1990 to 1995,070,85-89,1,0,1,0,0,0,
1990 to 1995,070,90+,0,0,0,1,0,1,
1990 to 1995,090,Total,9771,5069,4702,10491,5456,5035,
1990 to 1995,090,0-4,1270,625,645,1430,715,715,
1990 to 1995,090,5-9,967,493,474,1071,557,514,
1990 to 1995,090,10-14,717,376,341,795,422,373,
1990 to 1995,090,15-19,577,289,288,680,354,326,
1990 to 1995,090,20-24,1232,598,634,1167,571,596,
1990 to 1995,090,25-29,1404,716,688,1308,652,656,
1990 to 1995,090,30-34,1222,642,580,1220,623,597,
1990 to 1995,090,35-39,897,486,411,987,523,464,
1990 to 1995,090,40-44,570,332,238,675,386,289,
1990 to 1995,090,45-49,347,206,141,426,249,177,
1990 to 1995,090,50-54,216,120,96,257,143,114,
1990 to 1995,090,55-59,128,73,55,186,104,82,
1990 to 1995,090,60-64,82,48,34,129,74,55,
1990 to 1995,090,65-69,57,31,26,73,38,35,
1990 to 1995,090,70-74,35,15,20,39,21,18,
1990 to 1995,090,75-79,23,10,13,21,11,10,
1990 to 1995,090,80-84,15,6,9,14,8,6,
1990 to 1995,090,85-89,8,3,5,9,4,5,
1990 to 1995,090,90+,4,0,4,4,1,3,
1990 to 1995,100,Total,350,188,162,334,182,152,
1990 to 1995,100,0-4,36,21,15,34,19,15,
1990 to 1995,100,5-9,29,14,15,28,14,14,
1990 to 1995,100,10-14,29,15,14,21,10,11,
1990 to 1995,100,15-19,25,14,11,27,15,12,
1990 to 1995,100,20-24,29,14,15,38,21,17,
1990 to 1995,100,25-29,34,19,15,30,15,15,
1990 to 1995,100,30-34,35,16,19,30,16,14,
1990 to 1995,100,35-39,39,21,18,33,19,14,
1990 to 1995,100,40-44,30,16,14,29,15,14,
1990 to 1995,100,45-49,25,15,10,21,14,7,
1990 to 1995,100,50-54,14,8,6,13,7,6,
1990 to 1995,100,55-59,8,5,3,11,6,5,
1990 to 1995,100,60-64,6,3,3,6,4,2,
1990 to 1995,100,65-69,8,5,3,3,2,1,
1990 to 1995,100,70-74,2,1,1,5,4,1,
1990 to 1995,100,75-79,1,1,0,3,1,2,
1990 to 1995,100,80-84,0,0,0,1,0,1,
1990 to 1995,100,85-89,0,0,0,1,0,1,
1990 to 1995,100,90+,0,0,0,0,0,0,
1990 to 1995,105,Total,334,190,144,339,194,145,
1990 to 1995,105,0-4,39,19,20,34,17,17,
1990 to 1995,105,5-9,28,18,10,31,16,15,
1990 to 1995,105,10-14,25,14,11,24,14,10,
1990 to 1995,105,15-19,18,9,9,29,14,15,
1990 to 1995,105,20-24,31,18,13,36,20,16,
1990 to 1995,105,25-29,31,18,13,30,18,12,
1990 to 1995,105,30-34,41,25,16,38,26,12,
1990 to 1995,105,35-39,33,19,14,32,18,14,
1990 to 1995,105,40-44,32,18,14,26,16,10,
1990 to 1995,105,45-49,22,14,8,19,10,9,
1990 to 1995,105,50-54,12,6,6,12,7,5,
1990 to 1995,105,55-59,10,6,4,10,6,4,
1990 to 1995,105,60-64,8,5,3,8,6,2,
1990 to 1995,105,65-69,2,1,1,2,1,1,
1990 to 1995,105,70-74,1,0,1,3,2,1,
1990 to 1995,105,75-79,1,0,1,2,1,1,
1990 to 1995,105,80-84,0,0,0,2,1,1,
1990 to 1995,105,85-89,0,0,0,1,1,0,
1990 to 1995,105,90+,0,0,0,0,0,0,
1990 to 1995,110,Total,3174,1682,1492,3163,1696,1467,
1990 to 1995,110,0-4,291,146,145,284,136,148,
1990 to 1995,110,5-9,245,127,118,235,128,107,
1990 to 1995,110,10-14,217,109,108,223,117,106,
1990 to 1995,110,15-19,201,97,104,237,121,116,
1990 to 1995,110,20-24,337,176,161,348,180,168,
1990 to 1995,110,25-29,418,233,185,344,192,152,
1990 to 1995,110,30-34,388,209,179,333,186,147,
1990 to 1995,110,35-39,323,177,146,315,177,138,
1990 to 1995,110,40-44,288,156,132,277,153,124,
1990 to 1995,110,45-49,179,101,78,195,106,89,
1990 to 1995,110,50-54,110,60,50,136,71,65,
1990 to 1995,110,55-59,63,35,28,94,55,39,
1990 to 1995,110,60-64,34,21,13,52,31,21,
1990 to 1995,110,65-69,28,15,13,35,17,18,
1990 to 1995,110,70-74,20,9,11,22,10,12,
1990 to 1995,110,75-79,13,5,8,17,7,10,
1990 to 1995,110,80-84,10,4,6,9,4,5,
1990 to 1995,110,85-89,5,1,4,5,4,1,
1990 to 1995,110,90+,4,1,3,2,1,1,
1990 to 1995,122,Total,5223,2834,2389,4790,2653,2137,
1990 to 1995,122,0-4,551,267,284,419,211,208,
1990 to 1995,122,5-9,458,238,220,383,195,188,
1990 to 1995,122,10-14,399,204,195,322,166,156,
1990 to 1995,122,15-19,331,179,152,393,195,198,
1990 to 1995,122,20-24,488,263,225,599,326,273,
1990 to 1995,122,25-29,552,304,248,466,275,191,
1990 to 1995,122,30-34,609,340,269,501,285,216,
1990 to 1995,122,35-39,556,317,239,473,279,194,
1990 to 1995,122,40-44,434,257,177,376,227,149,
1990 to 1995,122,45-49,281,165,116,274,164,110,
1990 to 1995,122,50-54,201,109,92,210,119,91,
1990 to 1995,122,55-59,120,67,53,135,78,57,
1990 to 1995,122,60-64,87,49,38,100,58,42,
1990 to 1995,122,65-69,71,36,35,61,38,23,
1990 to 1995,122,70-74,39,19,20,37,17,20,
1990 to 1995,122,75-79,20,10,10,23,11,12,
1990 to 1995,122,80-84,15,6,9,13,7,6,
1990 to 1995,122,85-89,9,3,6,4,2,2,
1990 to 1995,122,90+,2,1,1,1,0,1,
1990 to 1995,130,Total,1806,980,826,1805,975,830,
1990 to 1995,130,0-4,185,86,99,188,96,92,
1990 to 1995,130,5-9,151,81,70,142,68,74,
1990 to 1995,130,10-14,120,60,60,125,61,64,
1990 to 1995,130,15-19,122,63,59,139,72,67,
1990 to 1995,130,20-24,187,99,88,198,101,97,
1990 to 1995,130,25-29,212,116,96,183,100,83,
1990 to 1995,130,30-34,209,123,86,188,109,79,
1990 to 1995,130,35-39,180,102,78,168,95,73,
1990 to 1995,130,40-44,151,88,63,141,80,61,
1990 to 1995,130,45-49,98,50,48,104,62,42,
1990 to 1995,130,50-54,73,47,26,85,49,36,
1990 to 1995,130,55-59,44,26,18,58,36,22,
1990 to 1995,130,60-64,25,15,10,36,21,15,
1990 to 1995,130,65-69,21,11,10,21,11,10,
1990 to 1995,130,70-74,11,6,5,14,8,6,
1990 to 1995,130,75-79,7,4,3,7,2,5,
1990 to 1995,130,80-84,4,1,3,3,2,1,
1990 to 1995,130,85-89,4,1,3,3,1,2,
1990 to 1995,130,90+,2,1,1,2,1,1,
1990 to 1995,150,Total,1990,1125,865,1908,1085,823,
1990 to 1995,150,0-4,230,121,109,235,122,113,
1990 to 1995,150,5-9,190,97,93,172,92,80,
1990 to 1995,150,10-14,137,72,65,128,68,60,
1990 to 1995,150,15-19,109,59,50,114,58,56,
1990 to 1995,150,20-24,191,104,87,173,92,81,
1990 to 1995,150,25-29,271,153,118,237,137,100,
1990 to 1995,150,30-34,307,185,122,259,156,103,
1990 to 1995,150,35-39,218,137,81,212,130,82,
1990 to 1995,150,40-44,131,77,54,139,85,54,
1990 to 1995,150,45-49,82,52,30,91,58,33,
1990 to 1995,150,50-54,42,24,18,52,31,21,
1990 to 1995,150,55-59,32,19,13,35,21,14,
1990 to 1995,150,60-64,19,10,9,24,14,10,
1990 to 1995,150,65-69,14,8,6,20,12,8,
1990 to 1995,150,70-74,8,4,4,7,5,2,
1990 to 1995,150,75-79,7,3,4,5,2,3,
1990 to 1995,150,80-84,1,0,1,3,1,2,
1990 to 1995,150,85-89,0,0,0,1,1,0,
1990 to 1995,150,90+,1,0,1,1,0,1,
1990 to 1995,158,Total,355,197,158,390,210,180,
1990 to 1995,158,0-4,55,30,25,54,33,21,
1990 to 1995,158,5-9,30,15,15,42,21,21,
1990 to 1995,158,10-14,25,11,14,25,10,15,
1990 to 1995,158,15-19,25,14,11,33,17,16,
1990 to 1995,158,20-24,44,23,21,47,23,24,
1990 to 1995,158,25-29,42,24,18,44,23,21,
1990 to 1995,158,30-34,36,21,15,45,27,18,
1990 to 1995,158,35-39,34,18,16,32,16,16,
1990 to 1995,158,40-44,15,9,6,23,13,10,
1990 to 1995,158,45-49,19,13,6,15,9,6,
1990 to 1995,158,50-54,12,8,4,10,6,4,
1990 to 1995,158,55-59,8,5,3,9,5,4,
1990 to 1995,158,60-64,4,3,1,3,2,1,
1990 to 1995,158,65-69,2,1,1,2,1,1,
1990 to 1995,158,70-74,1,0,1,2,1,1,
1990 to 1995,158,75-79,2,1,1,2,1,1,
1990 to 1995,158,80-84,1,1,0,1,1,0,
1990 to 1995,158,85-89,0,0,0,1,1,0,
1990 to 1995,158,90+,0,0,0,0,0,0,
1990 to 1995,164,Total,241,140,101,248,142,106,
1990 to 1995,164,0-4,28,15,13,29,17,12,
1990 to 1995,164,5-9,25,15,10,28,14,14,
1990 to 1995,164,10-14,16,10,6,17,9,8,
1990 to 1995,164,15-19,17,8,9,20,10,10,
1990 to 1995,164,20-24,19,10,9,21,12,9,
1990 to 1995,164,25-29,29,16,13,29,16,13,
1990 to 1995,164,30-34,29,18,11,26,17,9,
1990 to 1995,164,35-39,25,15,10,26,16,10,
1990 to 1995,164,40-44,19,13,6,16,10,6,
1990 to 1995,164,45-49,13,8,5,14,8,6,
1990 to 1995,164,50-54,9,5,4,8,5,3,
1990 to 1995,164,55-59,6,3,3,6,3,3,
1990 to 1995,164,60-64,4,3,1,4,3,1,
1990 to 1995,164,65-69,2,1,1,2,1,1,
1990 to 1995,164,70-74,0,0,0,1,1,0,
1990 to 1995,164,75-79,0,0,0,1,0,1,
1990 to 1995,164,80-84,0,0,0,0,0,0,
1990 to 1995,164,85-89,0,0,0,0,0,0,
1990 to 1995,164,90+,0,0,0,0,0,0,
1990 to 1995,170,Total,6537,3518,3019,5308,2902,2406,
1990 to 1995,170,0-4,726,384,342,502,274,228,
1990 to 1995,170,5-9,630,321,309,452,222,230,
1990 to 1995,170,10-14,576,313,263,415,220,195,
1990 to 1995,170,15-19,429,228,201,471,226,245,
1990 to 1995,170,20-24,536,267,269,629,336,293,
1990 to 1995,170,25-29,687,369,318,487,283,204,
1990 to 1995,170,30-34,789,425,364,553,318,235,
1990 to 1995,170,35-39,696,393,303,520,294,226,
1990 to 1995,170,40-44,495,286,209,409,239,170,
1990 to 1995,170,45-49,338,186,152,298,172,126,
1990 to 1995,170,50-54,223,131,92,209,127,82,
1990 to 1995,170,55-59,145,81,64,122,69,53,
1990 to 1995,170,60-64,105,58,47,91,52,39,
1990 to 1995,170,65-69,75,40,35,61,30,31,
1990 to 1995,170,70-74,37,18,19,42,21,21,
1990 to 1995,170,75-79,23,10,13,19,10,9,
1990 to 1995,170,80-84,14,4,10,14,5,9,
1990 to 1995,170,85-89,8,3,5,9,3,6,
1990 to 1995,170,90+,5,1,4,5,1,4,
1990 to 1995,180,Total,670,379,291,727,415,312,
1990 to 1995,180,0-4,82,43,39,85,42,43,
1990 to 1995,180,5-9,58,33,25,69,38,31,
1990 to 1995,180,10-14,36,21,15,49,26,23,
1990 to 1995,180,15-19,43,23,20,54,31,23,
1990 to 1995,180,20-24,68,39,29,79,45,34,
1990 to 1995,180,25-29,83,45,38,74,43,31,
1990 to 1995,180,30-34,76,45,31,77,47,30,
1990 to 1995,180,35-39,73,42,31,72,44,28,
1990 to 1995,180,40-44,46,30,16,50,30,20,
1990 to 1995,180,45-49,34,20,14,39,24,15,
1990 to 1995,180,50-54,28,15,13,29,16,13,
1990 to 1995,180,55-59,15,9,6,19,12,7,
1990 to 1995,180,60-64,8,4,4,10,5,5,
1990 to 1995,180,65-69,8,5,3,9,6,3,
1990 to 1995,180,70-74,3,3,0,5,3,2,
1990 to 1995,180,75-79,5,1,4,3,1,2,
1990 to 1995,180,80-84,4,1,3,3,1,2,
1990 to 1995,180,85-89,0,0,0,1,1,0,
1990 to 1995,180,90+,0,0,0,0,0,0,
1990 to 1995,185,Total,710,393,317,655,371,284,
1990 to 1995,185,0-4,97,42,55,86,43,43,
1990 to 1995,185,5-9,52,26,26,54,27,27,
1990 to 1995,185,10-14,38,19,19,38,20,18,
1990 to 1995,185,15-19,39,21,18,44,21,23,
1990 to 1995,185,20-24,67,36,31,58,34,24,
1990 to 1995,185,25-29,82,49,33,68,40,28,
1990 to 1995,185,30-34,88,55,33,74,45,29,
1990 to 1995,185,35-39,76,52,24,65,44,21,
1990 to 1995,185,40-44,58,33,25,54,32,22,
1990 to 1995,185,45-49,47,26,21,39,22,17,
1990 to 1995,185,50-54,31,16,15,28,15,13,
1990 to 1995,185,55-59,19,11,8,21,12,9,
1990 to 1995,185,60-64,8,5,3,14,9,5,
1990 to 1995,185,65-69,4,1,3,7,5,2,
1990 to 1995,185,70-74,1,0,1,3,1,2,
1990 to 1995,185,75-79,2,1,1,2,1,1,
1990 to 1995,185,80-84,1,0,1,0,0,0,
1990 to 1995,185,85-89,0,0,0,0,0,0,
1990 to 1995,185,90+,0,0,0,0,0,0,
1990 to 1995,188,Total,548,298,250,594,336,258,
1990 to 1995,188,0-4,73,30,43,83,44,39,
1990 to 1995,188,5-9,45,21,24,54,28,26,
1990 to 1995,188,10-14,38,20,18,40,20,20,
1990 to 1995,188,15-19,33,18,15,46,23,23,
1990 to 1995,188,20-24,54,31,23,58,34,24,
1990 to 1995,188,25-29,71,45,26,69,45,24,
1990 to 1995,188,30-34,67,43,24,70,42,28,
1990 to 1995,188,35-39,47,26,21,56,33,23,
1990 to 1995,188,40-44,35,21,14,37,21,16,
1990 to 1995,188,45-49,31,16,15,28,16,12,
1990 to 1995,188,50-54,21,10,11,23,13,10,
1990 to 1995,188,55-59,12,6,6,11,6,5,
1990 to 1995,188,60-64,7,4,3,8,6,2,
1990 to 1995,188,65-69,6,3,3,3,2,1,
1990 to 1995,188,70-74,2,1,1,3,1,2,
1990 to 1995,188,75-79,2,1,1,2,1,1,
1990 to 1995,188,80-84,1,0,1,1,0,1,
1990 to 1995,188,85-89,2,1,1,2,1,1,
1990 to 1995,188,90+,1,1,0,0,0,0,
1990 to 1995,195,Total,351,191,160,388,215,173,
1990 to 1995,195,0-4,37,21,16,38,20,18,
1990 to 1995,195,5-9,31,16,15,34,18,16,
1990 to 1995,195,10-14,21,10,11,25,13,12,
1990 to 1995,195,15-19,17,9,8,23,12,11,
1990 to 1995,195,20-24,39,19,20,46,21,25,
1990 to 1995,195,25-29,45,26,19,47,29,18,
1990 to 1995,195,30-34,46,25,21,41,22,19,
1990 to 1995,195,35-39,35,20,15,37,23,14,
1990 to 1995,195,40-44,26,16,10,30,18,12,
1990 to 1995,195,45-49,22,13,9,21,12,9,
1990 to 1995,195,50-54,12,6,6,18,11,7,
1990 to 1995,195,55-59,7,4,3,11,6,5,
1990 to 1995,195,60-64,5,4,1,10,6,4,
1990 to 1995,195,65-69,2,1,1,3,2,1,
1990 to 1995,195,70-74,2,1,1,2,1,1,
1990 to 1995,195,75-79,1,0,1,2,1,1,
1990 to 1995,195,80-84,1,0,1,0,0,0,
1990 to 1995,195,85-89,1,0,1,0,0,0,
1990 to 1995,195,90+,1,0,1,0,0,0,
1990 to 1995,198,Total,983,559,424,1014,565,449,
1990 to 1995,198,0-4,112,63,49,105,60,45,
1990 to 1995,198,5-9,82,39,43,88,42,46,
1990 to 1995,198,10-14,81,42,39,79,35,44,
1990 to 1995,198,15-19,68,38,30,87,46,41,
1990 to 1995,198,20-24,90,47,43,98,54,44,
1990 to 1995,198,25-29,98,55,43,90,46,44,
1990 to 1995,198,30-34,102,58,44,97,57,40,
1990 to 1995,198,35-39,96,60,36,95,56,39,
1990 to 1995,198,40-44,82,49,33,86,51,35,
1990 to 1995,198,45-49,65,40,25,62,36,26,
1990 to 1995,198,50-54,45,29,16,53,34,19,
1990 to 1995,198,55-59,30,19,11,30,21,9,
1990 to 1995,198,60-64,16,10,6,23,14,9,
1990 to 1995,198,65-69,9,6,3,11,6,5,
1990 to 1995,198,70-74,4,3,1,5,4,1,
1990 to 1995,198,75-79,2,1,1,3,2,1,
1990 to 1995,198,80-84,1,0,1,2,1,1,
1990 to 1995,198,85-89,0,0,0,0,0,0,
1990 to 1995,198,90+,0,0,0,0,0,0,
1990 to 1995,220,Total,1058,570,488,1122,611,511,
1990 to 1995,220,0-4,112,59,53,103,57,46,
1990 to 1995,220,5-9,82,43,39,97,52,45,
1990 to 1995,220,10-14,69,36,33,87,46,41,
1990 to 1995,220,15-19,69,34,35,78,37,41,
1990 to 1995,220,20-24,119,59,60,121,59,62,
1990 to 1995,220,25-29,132,74,58,131,74,57,
1990 to 1995,220,30-34,132,73,59,134,76,58,
1990 to 1995,220,35-39,110,63,47,114,63,51,
1990 to 1995,220,40-44,81,47,34,84,49,35,
1990 to 1995,220,45-49,53,29,24,61,34,27,
1990 to 1995,220,50-54,30,19,11,39,23,16,
1990 to 1995,220,55-59,24,13,11,33,19,14,
1990 to 1995,220,60-64,15,9,6,20,13,7,
1990 to 1995,220,65-69,9,4,5,9,5,4,
1990 to 1995,220,70-74,9,4,5,4,2,2,
1990 to 1995,220,75-79,4,1,3,2,1,1,
1990 to 1995,220,80-84,2,1,1,1,0,1,
1990 to 1995,220,85-89,4,1,3,2,1,1,
1990 to 1995,220,90+,2,1,1,2,0,2,
1990 to 1995,230,Total,122,64,58,114,59,55,
1990 to 1995,230,0-4,9,5,4,8,3,5,
1990 to 1995,230,5-9,7,4,3,9,5,4,
1990 to 1995,230,10-14,10,6,4,8,5,3,
1990 to 1995,230,15-19,9,5,4,9,4,5,
1990 to 1995,230,20-24,12,6,6,16,8,8,
1990 to 1995,230,25-29,16,8,8,14,7,7,
1990 to 1995,230,30-34,13,8,5,14,7,7,
1990 to 1995,230,35-39,14,6,8,12,5,7,
1990 to 1995,230,40-44,10,4,6,9,4,5,
1990 to 1995,230,45-49,8,5,3,5,4,1,
1990 to 1995,230,50-54,6,3,3,4,3,1,
1990 to 1995,230,55-59,4,3,1,4,3,1,
1990 to 1995,230,60-64,2,1,1,2,1,1,
1990 to 1995,230,65-69,1,0,1,0,0,0,
1990 to 1995,230,70-74,0,0,0,0,0,0,
1990 to 1995,230,75-79,1,0,1,0,0,0,
1990 to 1995,230,80-84,0,0,0,0,0,0,
1990 to 1995,230,85-89,0,0,0,0,0,0,
1990 to 1995,230,90+,0,0,0,0,0,0,
1990 to 1995,240,Total,777,420,357,762,420,342,
1990 to 1995,240,0-4,90,43,47,79,44,35,
1990 to 1995,240,5-9,77,39,38,69,38,31,
1990 to 1995,240,10-14,77,44,33,60,35,25,
1990 to 1995,240,15-19,65,35,30,74,36,38,
1990 to 1995,240,20-24,61,31,30,87,43,44,
1990 to 1995,240,25-29,64,33,31,71,41,30,
1990 to 1995,240,30-34,87,48,39,76,38,38,
1990 to 1995,240,35-39,74,39,35,65,38,27,
1990 to 1995,240,40-44,55,30,25,52,30,22,
1990 to 1995,240,45-49,44,29,15,44,26,18,
1990 to 1995,240,50-54,37,21,16,30,17,13,
1990 to 1995,240,55-59,15,9,6,17,12,5,
1990 to 1995,240,60-64,14,10,4,18,12,6,
1990 to 1995,240,65-69,7,4,3,7,4,3,
1990 to 1995,240,70-74,4,3,1,5,4,1,
1990 to 1995,240,75-79,2,1,1,2,1,1,
1990 to 1995,240,80-84,2,1,1,4,1,3,
1990 to 1995,240,85-89,1,0,1,1,0,1,
1990 to 1995,240,90+,1,0,1,1,0,1,
1990 to 1995,275,Total,337,181,156,332,179,153,
1990 to 1995,275,0-4,30,14,16,34,18,16,
1990 to 1995,275,5-9,31,16,15,30,16,14,
1990 to 1995,275,10-14,24,11,13,25,11,14,
1990 to 1995,275,15-19,19,9,10,27,11,16,
1990 to 1995,275,20-24,28,15,13,38,20,18,
1990 to 1995,275,25-29,38,19,19,31,19,12,
1990 to 1995,275,30-34,39,23,16,27,13,14,
1990 to 1995,275,35-39,33,18,15,33,19,14,
1990 to 1995,275,40-44,25,15,10,27,16,11,
1990 to 1995,275,45-49,24,13,11,17,10,7,
1990 to 1995,275,50-54,17,11,6,16,11,5,
1990 to 1995,275,55-59,13,8,5,9,5,4,
1990 to 1995,275,60-64,6,5,1,8,4,4,
1990 to 1995,275,65-69,4,3,1,5,4,1,
1990 to 1995,275,70-74,3,0,3,2,1,1,
1990 to 1995,275,75-79,2,1,1,2,1,1,
1990 to 1995,275,80-84,1,0,1,0,0,0,
1990 to 1995,275,85-89,0,0,0,1,0,1,
1990 to 1995,275,90+,0,0,0,0,0,0,
1990 to 1995,282,Total,114,66,48,107,60,47,
1990 to 1995,282,0-4,16,8,8,10,5,5,
1990 to 1995,282,5-9,10,6,4,7,2,5,
1990 to 1995,282,10-14,10,5,5,9,5,4,
1990 to 1995,282,15-19,8,5,3,5,4,1,
1990 to 1995,282,20-24,9,5,4,14,7,7,
1990 to 1995,282,25-29,11,5,6,9,5,4,
1990 to 1995,282,30-34,10,6,4,12,7,5,
1990 to 1995,282,35-39,14,8,6,9,5,4,
1990 to 1995,282,40-44,11,6,5,11,7,4,
1990 to 1995,282,45-49,5,4,1,8,4,4,
1990 to 1995,282,50-54,4,3,1,3,2,1,
1990 to 1995,282,55-59,3,3,0,5,4,1,
1990 to 1995,282,60-64,1,1,0,2,1,1,
1990 to 1995,282,65-69,1,1,0,1,1,0,
1990 to 1995,282,70-74,1,0,1,2,1,1,
1990 to 1995,282,75-79,0,0,0,0,0,0,
1990 to 1995,282,80-84,0,0,0,0,0,0,
1990 to 1995,282,85-89,0,0,0,0,0,0,
1990 to 1995,282,90+,0,0,0,0,0,0,
1990 to 1995,290,Total,746,422,324,889,485,404,
1990 to 1995,290,0-4,88,44,44,102,50,52,
1990 to 1995,290,5-9,65,31,34,80,38,42,
1990 to 1995,290,10-14,56,31,25,65,35,30,
1990 to 1995,290,15-19,58,33,25,80,40,40,
1990 to 1995,290,20-24,62,34,28,84,42,42,
1990 to 1995,290,25-29,77,43,34,85,45,40,
1990 to 1995,290,30-34,78,47,31,82,47,35,
1990 to 1995,290,35-39,75,47,28,82,48,34,
1990 to 1995,290,40-44,58,33,25,74,44,30,
1990 to 1995,290,45-49,44,28,16,52,33,19,
1990 to 1995,290,50-54,27,16,11,32,21,11,
1990 to 1995,290,55-59,22,14,8,19,11,8,
1990 to 1995,290,60-64,13,8,5,16,10,6,
1990 to 1995,290,65-69,10,6,4,12,8,4,
1990 to 1995,290,70-74,5,4,1,8,5,3,
1990 to 1995,290,75-79,2,1,1,7,4,3,
1990 to 1995,290,80-84,4,1,3,4,3,1,
1990 to 1995,290,85-89,2,1,1,4,1,3,
1990 to 1995,290,90+,0,0,0,1,0,1,
1985 to 1990,000,Total,41978,22598,19380,49866,26657,23209,
1985 to 1990,000,0-4,4886,2558,2328,6174,3149,3025,
1985 to 1990,000,5-9,3794,1958,1836,4499,2313,2186,
1985 to 1990,000,10-14,3119,1646,1473,3449,1805,1644,
1985 to 1990,000,15-19,3194,1616,1578,3673,1897,1776,
1985 to 1990,000,20-24,6021,3153,2868,5776,2970,2806,
1985 to 1990,000,25-29,6220,3378,2842,6698,3589,3109,
1985 to 1990,000,30-34,4921,2743,2178,5899,3193,2706,
1985 to 1990,000,35-39,3600,2098,1502,4623,2598,2025,
1985 to 1990,000,40-44,2185,1279,906,3082,1777,1305,
1985 to 1990,000,45-49,1366,788,578,2039,1159,880,
1985 to 1990,000,50-54,853,484,369,1386,802,584,
1985 to 1990,000,55-59,613,341,272,1055,604,451,
1985 to 1990,000,60-64,442,231,211,757,424,333,
1985 to 1990,000,65-69,304,139,165,360,191,169,
1985 to 1990,000,70-74,193,88,105,181,91,90,
1985 to 1990,000,75-79,123,44,79,101,48,53,
1985 to 1990,000,80-84,83,31,52,60,25,35,
1985 to 1990,000,85-89,46,18,28,40,15,25,
1985 to 1990,000,90+,15,5,10,14,7,7,
